1 -0.5920655478274724 -1.0511116139747443 3.873595750858213 1.0
2 -1.1934206997476422 -1.0540456764516302 4.453396054685858 1.0
3 -1.1852786065277003 -1.0186581151248884 4.4412271208780725 1.0
4 -0.5864987952996523 -0.9994518473772377 3.8804328755208197 1.0
5 -0.5319772590337751 -1.0008694566396017 3.867639113076141 1.0
6 0.25544999900682724 -1.1489771122186139 5.339944631637327 1.0
7 -0.5813087084962768 -0.9689408632346472 3.8495870094750035 1.0
8 -0.5229266977581446 -0.9719457803523587 3.873591457401311 1.0
9 -1.1768435602717229 -0.9549012025697 4.431477929715144 1.0
10 -0.530036018991229 -0.9451926922027145 3.816990705126065 1.0
11 -0.5739643964817616 -0.9388672900779441 3.8246228116741765 1.0
12 -1.1575441256120618 -0.932780420468471 4.436788329224232 1.0
13 -0.5999465381969924 -0.9287999213363924 3.8186549024245195 1.0
14 -1.1986587662249284 -0.9016507689814094 4.416077803640834 1.0
15 -0.5330317941948657 -0.9078425406907351 3.839797439519862 1.0
16 0.26824763865078993 -1.0484912144927665 5.325163763745269 1.0
17 -0.6126649781121615 -0.892696095113179 3.836762419643692 1.0
18 -0.4405383008229216 -0.9360186651230966 4.802620101439484 1.0
19 -0.515353491082422 -0.8710729619567754 3.797720341627386 1.0
20 -0.35818988607381524 -0.9917131878140387 5.776353668934533 1.0
21 -1.1779629180371296 -0.8464086127409103 4.3881761376233195 1.0
22 -1.1430534403503112 -0.8518773657760119 4.420148319153654 1.0
23 -0.48029949361173246 -0.87392346697924 3.821427933633615 1.0
24 -0.612034629163189 -0.8538193279131575 3.827816883166106 1.0
25 0.24797575785994966 -0.9946316613747865 5.3051467395331695 1.0
26 0.30395226803653647 -0.9993097711006812 5.309695011912275 1.0
27 -0.4699854321701286 -0.863028746998919 3.8681881123933426 1.0
28 -0.4359960907031646 -0.9036998110388204 4.796540375459194 1.0
29 -1.1949595122832977 -0.8240355982987593 4.407380463422339 1.0
30 -0.351872220840401 -0.9540145267530138 5.766945938264147 1.0
31 -1.1221283354253326 -0.8239905688639184 4.399360397613977 1.0
32 -0.47747613081128526 -0.8445361663507677 3.8141572948694997 1.0
33 -0.5331119792824031 -0.8162906170338053 3.796652610624366 1.0
34 -0.46667214623307857 -0.8237155283262456 3.856400163408799 1.0
35 -0.569357992032603 -0.8102192861416893 3.8013006181528586 1.0
36 -0.48804800998355374 -0.8160710165692391 3.7974918333683543 1.0
37 0.2604920231049022 -0.9403523052282322 5.295152958834386 1.0
38 0.30638636678354564 -0.9443985965511741 5.297532432552266 1.0
39 -1.2146863600928197 -0.7786968574968165 4.381085772353571 1.0
40 -1.105670919309432 -0.7823447113582371 4.437137056175793 1.0
41 -0.3456387781505803 -0.899902216258102 5.759718675455741 1.0
42 0.2535562865139667 -0.9091486375618436 5.303500709836954 1.0
43 0.3183050500223556 -0.9169440596127605 5.2920039184546805 1.0
44 -1.1207780025120755 -0.7492423322748467 4.336217265499303 1.0
45 -0.4281460213026102 -0.8217345780549158 4.793467691793736 1.0
46 -1.2201736291602545 -0.7426104603490655 4.38636312715074 1.0
47 -1.0852507446071185 -0.7491852118923552 4.406358308258999 1.0
48 -0.3115557964903121 -0.8456353417733123 5.7547512915401065 1.0
49 -0.35875125128618285 -0.8405924034425643 5.726751807198496 1.0
50 0.3561091148931935 -0.8808318730324928 5.2752212046157245 1.0
51 0.2448346636820519 -0.8647739043143576 5.224179729390679 1.0
52 -0.5352276546035336 -0.7455513184951921 3.797045274917259 1.0
53 -1.0928124524910439 -0.7129207646528218 4.361473652199858 1.0
54 -1.2284132464480917 -0.6993743044500962 4.393622995464211 1.0
55 -1.0766258183813426 -0.7067836982095873 4.400682539433317 1.0
56 -0.45386877948187226 -0.7689562911386619 4.764476018608948 1.0
57 -0.3834683421472763 -0.7741179942888751 4.7907639463753275 1.0
58 0.37039066358739375 -0.8435353182199723 5.280931003379145 1.0
59 0.2258077879828818 -0.8275124025422746 5.276437846259166 1.0
60 -0.4234709153014657 -0.7447941187984064 4.776975177416417 1.0
61 -0.3461128774286113 -0.767881755329359 5.697232660051306 1.0
62 -0.2948484802643794 -0.7709848498396659 5.729096813875563 1.0
63 -1.0816567267005486 -0.6696205233957817 4.397398624627572 1.0
64 -1.1007946165681568 -0.6615586228957614 4.341043093342862 1.0
65 0.23741758048927233 -0.788609134128795 5.208368266726928 1.0
66 -0.4461495173775311 -0.6938436628671517 3.8221213547896635 1.0
67 -0.3846441574429116 -0.7097686653890376 4.716547692371457 1.0
68 -0.2607144952605542 -0.7287499408449339 5.724082437272837 1.0
69 0.3834372343762299 -0.7711711788085908 5.26234334196938 1.0
70 -0.5964357171282678 -0.6625262512355552 3.809437414306398 1.0
71 -0.3699509610053247 -0.6951821391751204 5.6960784595549185 1.0
72 -0.26205151602723203 -0.7018411581621607 5.737755839815316 1.0
73 0.3273166415348554 -0.7467727370676066 5.17580225459441 1.0
74 -0.434706846959641 -0.6712771341673969 4.721761465559622 1.0
75 0.3630411046842204 -0.7481110429338113 5.219861427868494 1.0
76 -0.3710825374879476 -0.6745213942299318 4.785183507840285 1.0
77 0.2794801799450271 -0.7384558696003349 5.20028249153493 1.0
78 -0.5908992243164095 -0.6450659912694738 3.8065137556342923 1.0
79 -0.45007869248032756 -0.6556944676269276 3.8472600712952123 1.0
80 -0.4965907223159504 -0.6429682745845081 3.7132741328171566 1.0
81 -0.4510737578530335 -0.6451238215434215 4.676771807307166 1.0
82 -0.38255795629592226 -0.6560766408562501 4.713806967340483 1.0
83 -0.3368522580970719 -0.6581547821319736 4.771896899473516 1.0
84 -0.610568929257747 -0.6213238594573008 3.797815008879441 1.0
85 -0.29328843326983783 -0.6577824014967925 5.549183795049046 1.0
86 -0.3635080089841462 -0.6454320200348267 5.638841249536747 1.0
87 -0.23564679386216672 -0.6562245898978271 5.7018589006285865 1.0
88 0.3213909124241304 -0.7039850796614915 5.1965182363354385 1.0
89 -0.4325570198549862 -0.6272208763115006 3.7903024110510355 1.0
90 -0.591985426001376 -0.6072886705237265 3.8049775675896282 1.0
91 -0.2943658153173833 -0.6181729877354358 4.771705674972006 1.0
92 -1.1156254538517019 -0.5446683041078993 4.298474259616831 1.0
93 -0.5573810910258565 -0.5914936522658929 4.305956288570691 1.0
94 -1.1525651488376911 -0.5366541774176239 4.278275770740474 1.0
95 -0.4713881870783005 -0.5961062124713186 3.7366297356128713 1.0
96 -1.0676757278187137 -0.5422190699628995 4.374426194267066 1.0
97 -0.6072343977667114 -0.5836448036952901 3.8212385560248268 1.0
98 -0.4481343239370348 -0.5937612651921221 3.799846693654478 1.0
99 -0.1769182127028502 -0.6155649369198845 5.3750083758940255 1.0
100 0.3420727581381979 -0.6483299654687559 5.140898853936428 1.0
101 -1.046736673665964 -0.5303288186530047 4.379509667723598 1.0
102 0.11687932183719986 -0.6346285729799871 5.190370986236578 1.0
103 0.37529888738285677 -0.6431666603352522 5.209704424614117 1.0
104 -0.9108919467886792 -0.5295285988728057 4.3556766304018275 1.0
105 0.12088815958019719 -0.6177780248663363 5.182306442811578 1.0
106 0.2923355237333341 -0.6339279100372155 5.185408107326932 1.0
107 -0.35167659157018477 -0.574250086402565 4.403115474470954 1.0
108 -1.1291651114702186 -0.4998084066283986 4.283505603133089 1.0
109 -1.1033609962311623 -0.5009848422573699 4.298226595228587 1.0
110 -0.5353470471062344 -0.5570619898239133 3.7564013718061413 1.0
111 -0.46184206435115827 -0.5635120446518931 3.7649140619493586 1.0
112 -1.052202519040013 -0.5010224279950348 4.338469061232428 1.0
113 0.3280479027073621 -0.6174744115319885 5.14668050756321 1.0
114 0.366895413599133 -0.6226690171571887 5.148509687033157 1.0
115 0.40625016228149785 -0.623313590509846 5.247506729185095 1.0
116 -1.2168536310416196 -0.4803967223394659 4.353301171153947 1.0
117 -1.0384115396881113 -0.49768247896988177 4.3818191723447235 1.0
118 -0.4747737155952521 -0.5534570598071779 3.7206952335192165 1.0
119 0.2548270803618021 -0.6078299591316461 5.209019581941734 1.0
120 -0.5095727240356666 -0.5364139668152332 4.674264283944151 1.0
121 -0.26551770602432273 -0.5518909112441431 4.798625260926293 1.0
122 -0.35561144504028047 -0.5415101480813383 4.383443512533405 1.0
123 -0.2367499181116253 -0.5424620653071194 5.2482922886389325 1.0
124 -0.30715258172623144 -0.5414386347544727 4.402813203186329 1.0
125 0.1283989487283065 -0.5690438748796168 5.170887019300209 1.0
126 -0.9444632468587917 -0.47751495263372296 4.3626349628304455 1.0
127 -0.8548989503726143 -0.4840467882864496 4.304372786644591 1.0
128 -1.2156550541864337 -0.44577117326447113 4.358838890014735 1.0
129 -1.1243405512014175 -0.4559050421509205 4.255387431639677 1.0
130 -1.0332273507855447 -0.4606315629361863 4.358299216421975 1.0
131 -0.42054085705012073 -0.5202364051794697 3.8332450247788685 1.0
132 -0.3198562763987661 -0.5230830924412251 4.583338900176023 1.0
133 -0.2901819338940436 -0.5226777135634075 4.603316564497531 1.0
134 -0.263677398583213 -0.520707966776435 4.695793456716145 1.0
135 0.12970006832216 -0.5486355646040719 5.181389102584747 1.0
136 -0.5108429536499681 -0.49427212871475085 4.667287013342164 1.0
137 -0.44939787233902995 -0.5116628494190318 3.7202683857403973 1.0
138 0.24483317757701886 -0.5513849407095537 5.20956605219787 1.0
139 0.42904731779874306 -0.5688858574189397 5.219583322002924 1.0
140 -0.12391498991738063 -0.5106310508673998 5.06749135016919 1.0
141 -1.0804933547697295 -0.4248015734554757 4.316464615867956 1.0
142 -0.5468273975519741 -0.4722649314890559 4.43233231482184 1.0
143 -0.3026500828557824 -0.4982690125132957 4.396062417291386 1.0
144 -1.141492951216412 -0.4147803785993467 4.293099255302983 1.0
145 -0.9288094396263901 -0.42929956478998144 4.344545486870558 1.0
146 -0.2707292526871638 -0.4879560803682445 4.618097056004495 1.0
147 -0.08743862577061287 -0.5010565826654421 4.834945645314592 1.0
148 0.10713911251227666 -0.5079757643109529 5.1593899101287635 1.0
149 0.16370758876965344 -0.513472930302552 5.172969262314022 1.0
150 0.3788760966774169 -0.5286128617309535 5.13240069995834 1.0
151 -1.0947344973125017 -0.4121867912468948 4.276217315133841 1.0
152 -1.0337636104302221 -0.4150045570080902 4.321603218228675 1.0
153 -0.3500479255054356 -0.4618552021873381 4.33329223954016 1.0
154 -0.5130469902239245 -0.462649309352014 3.7175333383468443 1.0
155 -0.45986226667299046 -0.4669893602400483 3.7619349496331136 1.0
156 -0.46532922262084736 -0.4599539470399024 4.029322754674714 1.0
157 -0.937977367104905 -0.4010336762221655 4.340150177733487 1.0
158 -0.4221941451085143 -0.464917429088259 3.7614907143959138 1.0
159 -0.48594931056924834 -0.44206645797079314 4.341621891718018 1.0
160 -0.4949198604122351 -0.4194129819292407 4.517154841679227 1.0
161 -0.2666712671779563 -0.4474383926074325 4.2807413828749565 1.0
162 0.11573923678734269 -0.4562814525014043 5.163712634412684 1.0
163 0.3251154149065254 -0.47515398487830424 5.129573516467177 1.0
164 -0.49939693415143105 -0.41298194297052704 4.372399762248605 1.0
165 -0.43112876777202963 -0.41307958904241804 4.4543070953793675 1.0
166 -0.4374977578824263 -0.43267085926797977 3.896129770321711 1.0
167 -0.8659250012515273 -0.3756659864321509 4.09603706965286 1.0
168 -0.5041922000516738 -0.4240709988011899 3.703370152142109 1.0
169 -0.4425971820079414 -0.4287145742813765 3.7002726034287954 1.0
170 0.10990564220472722 -0.4316756529184261 5.144767994314059 1.0
171 -0.40259008453299766 -0.42594572982321627 3.804963164154033 1.0
172 -0.46170592289196005 -0.41150237399351003 4.10251494084756 1.0
173 0.1806838446320464 -0.4358852755397946 5.172127875979768 1.0
174 -1.0721454817852893 -0.33759484296798165 4.304461024484757 1.0
175 -0.5930674992565871 -0.4031903150447506 3.822255622764795 1.0
176 -0.41356982809216214 -0.4263563209633702 3.7459722243453046 1.0
177 -0.03539180520153244 -0.4249354111496529 4.771394362207411 1.0
178 -0.01584851351110917 -0.41424189514174437 5.084828332031754 1.0
179 -0.29094075533006203 -0.41454168990890855 4.263267310785495 1.0
180 -0.23402576587269996 -0.41735169606368433 4.292752211206164 1.0
181 -0.45189922883593026 -0.3907182891749965 4.311761339931529 1.0
182 -0.20617715996831062 -0.41257868596973946 4.346929407084233 1.0
183 -1.119340639174208 -0.31948684482175516 4.261022442194536 1.0
184 -0.23355730009961928 -0.3905436324429104 4.57642077605878 1.0
185 0.19786843895206224 -0.41001944350917674 5.0615611858686345 1.0
186 -0.8321036228687022 -0.34559711884114863 4.0178574092234 1.0
187 -0.037325124580646456 -0.40041269759760245 4.674314881206783 1.0
188 0.08558097738052556 -0.3928843107209808 5.100613799483078 1.0
189 0.22912188628896762 -0.4078633805304496 5.132535758250795 1.0
190 -0.41565220523782254 -0.39534823723498674 3.7454893929396182 1.0
191 -0.382739232577684 -0.3753760456454 4.294193007750884 1.0
192 -0.24240528380983223 -0.38644592441629944 4.25811003639514 1.0
193 -0.07607972868706192 -0.3940196587626105 4.543455339420774 1.0
194 -1.1756170903906038 -0.293860553258556 4.293807601334329 1.0
195 -0.24063803561984676 -0.375147616710907 4.537109170196203 1.0
196 -0.5211673100972811 -0.37633304547198965 3.7406131110009824 1.0
197 -0.21687684081124858 -0.379241424342833 4.3749364723719495 1.0
198 0.004876847399304418 -0.3794344034288259 4.667102215785548 1.0
199 -0.3890752308115154 -0.3794570895231375 3.7804876106995033 1.0
200 -0.09835922006289566 -0.3755478474058234 4.484765648478343 1.0
201 0.17305484405548083 -0.3837141919106 5.04852940124966 1.0
202 0.04135604766057122 -0.3611224306109642 5.055964560828589 1.0
203 0.06673250788327292 -0.35996901019636884 5.09132443380019 1.0
204 0.2579192803966222 -0.37775762715215944 5.1382941832208715 1.0
205 0.34076173365599105 -0.39024612552764026 5.099735266154359 1.0
206 0.4047125073665712 -0.3935135621956562 5.185394499417712 1.0
207 -0.6106803716747874 -0.34747526249753263 3.83580978572148 1.0
208 -0.7361594482408053 -0.3297843374801634 3.922971627494524 1.0
209 -0.8205678265646013 -0.31342975101897486 3.9922830056990235 1.0
210 -0.41662735433669407 -0.36081864489991516 3.710087768492049 1.0
211 -0.4025609841179968 -0.3520023593252766 3.9924135063252124 1.0
212 -0.31510797838112486 -0.3487948633779997 4.201642502360663 1.0
213 -0.5222848723427427 -0.3477883664135033 3.718187022360951 1.0
214 -0.4303236325516312 -0.35791059592210955 3.6823307452365137 1.0
215 -0.24346398433873134 -0.34997863465634776 4.257125056821468 1.0
216 -0.15265419554416274 -0.3453505684748005 4.3503803212034455 1.0
217 0.27454951344662126 -0.3481413715201442 5.181202821716606 1.0
218 0.3351416745900103 -0.35668939091778495 5.156438594842072 1.0
219 0.4552608938696 -0.36499058439140253 5.206247133664059 1.0
220 0.04137787881992381 -0.34021715911139405 4.777788030935265 1.0
221 0.21835680903406282 -0.3467585053129404 5.050675308115968 1.0
222 -0.6896608128081146 -0.3078996520111289 3.901496874653522 1.0
223 -0.3664977411113524 -0.33614684091487074 3.9548969713232363 1.0
224 -0.3056224324140492 -0.33477391431496645 4.112216721945166 1.0
225 -0.2854959805334902 -0.3328074404794816 4.168377711254617 1.0
226 -0.0389565664378672 -0.33480780381619535 4.568949869440698 1.0
227 -0.8679026474265674 -0.30154370439803363 3.568066970676435 1.0
228 -0.17756330685353713 -0.3420305081930569 4.139612713565533 1.0
229 -0.009152729416061182 -0.3353493081004424 4.573924827406354 1.0
230 0.015564104200373133 -0.33371963714381836 4.643611046031948 1.0
231 -0.4146203948600454 -0.3390561135570071 3.707477300133527 1.0
232 -0.1768768235612248 -0.3272114085622605 4.335936834750979 1.0
233 -0.08084426379871502 -0.3299218547925892 4.446353390845578 1.0
234 -0.06470179317199307 -0.33055293123475704 4.515845450353806 1.0
235 0.16430568031250464 -0.32706530347447377 4.9772709800154376 1.0
236 -0.567535618764061 -0.3128410061746395 3.7571110224225226 1.0
237 -0.5244937621785953 -0.32300964953626776 3.725975970790655 1.0
238 0.26429872171531726 -0.3152745316480056 5.100923814914674 1.0
239 -0.32235447485696883 -0.31789603053733373 3.963588460672301 1.0
240 0.2295970846503301 -0.31436651493691686 5.031364635196349 1.0
241 0.30426376255579624 -0.3171574568451488 5.064820815565203 1.0
242 0.4178630657506605 -0.32567227573754054 5.1244859581697515 1.0
243 -0.8093806826849839 -0.28913577361099385 3.526924217439054 1.0
244 0.07341820267150426 -0.3087865079275976 4.758997830869841 1.0
245 -0.8260156216321571 -0.2882266423151422 3.4785839181530003 1.0
246 -0.28326947714771755 -0.3147829688901935 3.9650157361508582 1.0
247 0.4660198536819631 -0.319306994262867 5.223166050495059 1.0
248 -0.19988813776806685 -0.3123911690134427 4.106420773361677 1.0
249 -0.030099467066637953 -0.30587104484736694 4.495689869384621 1.0
250 0.0007182414113312662 -0.3061924854393801 4.53318506583784 1.0
251 -0.2985154703178065 -0.30067131278138065 4.130826954150916 1.0
252 0.18134618356308538 -0.3002635787034138 4.938707079086405 1.0
253 -0.1761578841755884 -0.30194523029762405 4.163486714564501 1.0
254 -0.15787459409370097 -0.29413553334970227 4.279242913793444 1.0
255 -0.08383005989613149 -0.30258237506132013 4.269268114488988 1.0
256 -0.05632025084003444 -0.30123598207128277 4.294606890542642 1.0
257 0.045743686091655036 -0.2926644614251338 4.524122036861475 1.0
258 0.4009395281049123 -0.2896882743027812 5.009433760867828 1.0
259 -0.3625466398208098 -0.30584805971380846 3.5422233746731586 1.0
260 -0.009663412425765228 -0.28045223315361884 4.509206799169185 1.0
261 0.083023420184026 -0.2864506851551808 4.550431900538283 1.0
262 0.10228285019150603 -0.2802488088645241 4.664500306783977 1.0
263 0.1583201897446492 -0.28662372912222306 4.6956157563280945 1.0
264 -0.8250446249459852 -0.22314690672850046 4.0101010214913275 1.0
265 -0.3733516415287177 -0.28492987816351273 3.75270060121691 1.0
266 -0.3842502960914138 -0.267912358282575 3.97594936549614 1.0
267 0.18955678518856686 -0.27943428360629047 4.725297199109225 1.0
268 0.42065654071042063 -0.2799969176191406 5.108711678522656 1.0
269 -0.27821188726057766 -0.2643086467491457 4.1537061453080995 1.0
270 0.2135895046291674 -0.27339863696265115 4.830346727012203 1.0
271 0.35022657900286724 -0.2699658936255825 5.07923106369945 1.0
272 -0.9331347131751271 -0.23610289491335235 3.4808933139420684 1.0
273 0.3249798174787744 -0.2828605908958575 4.812698131111838 1.0
274 -0.8939873816579987 -0.24874927201721492 3.339801329102757 1.0
275 -0.8532453587243456 -0.24871638900348547 3.3864731581377363 1.0
276 -0.5857186699658278 -0.2516375191581491 3.799513130735686 1.0
277 -0.2739623369653017 -0.26315084806130556 4.022047954442524 1.0
278 -0.1519520155638688 -0.2590555636614499 4.274956200714126 1.0
279 -0.7502351079001374 -0.24321808071472656 3.5355072851312825 1.0
280 -0.8521480530764498 -0.22313346656290795 3.6193053390666816 1.0
281 -0.7582999039238175 -0.2327993001423448 3.624447411469996 1.0
282 -0.16105492729487558 -0.2614941320357247 4.124266779923544 1.0
283 -0.2549983424496574 -0.2507711985669605 4.051753559581293 1.0
284 0.016777235899163096 -0.24285662306219252 4.50992985794616 1.0
285 0.10627522605304644 -0.2423480285049159 4.669081670029305 1.0
286 -0.14507302242668046 -0.248735563531715 4.187789297672635 1.0
287 -0.0062652835126256025 -0.24522104598702144 4.441104106620174 1.0
288 -0.29946988326377866 -0.24758560620948547 3.9080927128807335 1.0
289 0.2113701683250054 -0.2337043226857018 4.8493974445882735 1.0
290 0.08967479972822513 -0.23900035612315992 4.548689776702253 1.0
291 -0.18533706381228965 -0.24336248677443598 4.070325218875248 1.0
292 0.3003268219555188 -0.23163270988777182 4.93334529492195 1.0
293 0.06701605150456576 -0.22476105653424674 4.475265748957195 1.0
294 -0.8925244877200896 -0.20273254654299658 3.337212416584454 1.0
295 -0.850358507421431 -0.20195116545498817 3.380753866863508 1.0
296 -0.7224872281435276 -0.20192896560157964 3.564651487721822 1.0
297 0.18489460966677718 -0.2199513069165792 4.640574923149874 1.0
298 0.27575754686893356 -0.2085727420353387 4.874687239349916 1.0
299 0.1402725075657081 -0.21731600768611994 4.5645787093057395 1.0
300 0.39675733086128956 -0.21337083463152517 4.922678979772327 1.0
301 -0.19516744356243004 -0.2514584492662633 3.615892437566619 1.0
302 0.3005166908077425 -0.2042012013541767 4.87364637011854 1.0
303 0.4244356880219421 -0.21214696179091175 4.920331662550558 1.0
304 0.07647186075952718 -0.2050263672185782 4.444479584950182 1.0
305 0.07492325787682268 -0.24497858767174802 3.880276610250685 1.0
306 0.07675153559006229 -0.19107520042793513 4.44720909795075 1.0
307 0.5106912023426992 -0.15998553691198103 5.33573885112093 1.0
308 0.33485131753633113 -0.17032402647118522 4.915081200438656 1.0
309 0.30874036172402103 -0.19387125808799113 4.4794043908995205 1.0
310 -0.7168035482057732 -0.12926449238398904 3.4897197630578445 1.0
311 -0.26828272352030624 -0.22461632472870935 3.0246918821728777 1.0
312 -0.06589517464625873 -0.19038105745758443 3.5992803495717176 1.0
313 0.49276588484092326 -0.20552223091731875 3.968879592628875 1.0
314 -0.705749494656223 -0.10562129790246899 3.4584203171042476 1.0
315 -0.27143721972527735 -0.18838450453572633 3.0323590650593673 1.0
316 -0.10151984577813214 -0.15931011094185132 3.522031718609898 1.0
317 -0.25059859531404444 -0.18488692719145391 3.0555866566318923 1.0
318 0.5920124124689975 -0.1663020695540851 4.078334602087454 1.0
319 -0.031284497084597546 -0.20626818342331635 2.921787259365634 1.0
320 -0.47248542631168916 -0.14091254214823262 3.0254599747389053 1.0
321 0.1356583300434499 -0.18516613722931233 3.244889205359513 1.0
322 -0.27831090415994264 -0.161011779769793 2.9926060958514125 1.0
323 -0.15416495433873795 -0.15752343400729615 3.0189660337348037 1.0
324 0.27685245232608996 -0.17010708029404153 3.3337189211894245 1.0
325 -0.023199018865353322 -0.1732648321042755 2.963928006083184 1.0
326 -0.004040253831322604 -0.16741219642837366 3.0212942254335124 1.0
327 0.07168527493618815 -0.18109622744158044 2.9912496208412254 1.0
328 0.12581178364782766 -0.16873284968270028 3.163427236684007 1.0
329 -0.2490726727698295 -0.15966094572723252 2.8182603417694114 1.0
330 -0.12714708001215075 -0.13335158386798995 2.969779313995346 1.0
331 -0.16350531996741702 -0.1304185475862236 2.9389177455722137 1.0
332 -0.022635103659089075 -0.14098601522207743 3.011195791359377 1.0
333 0.2671612271720164 -0.1315335550427115 3.2961512711851517 1.0
334 -0.0017086926518130874 -0.12571604644554787 2.9785838266072124 1.0
335 0.11068017878816977 -0.125369484174122 2.869504703785438 1.0
336 0.15438222718727904 -0.12724925608414223 2.8671244696892164 1.0
