1 PINHOLE 1587.5954 1587.21966 503.368497 380.395716
2 PINHOLE 1587.5954 1587.21966 503.368497 380.395716
3 PINHOLE 1587.5954 1587.21966 503.368497 380.395716
4 PINHOLE 1587.5954 1587.21966 503.368497 380.395716
5 PINHOLE 1587.5954 1587.21966 503.368497 380.395716
6 PINHOLE 1587.5954 1587.21966 503.368497 380.395716
7 PINHOLE 1587.5954 1587.21966 503.368497 380.395716
8 PINHOLE 1587.5954 1587.21966 503.368497 380.395716
9 PINHOLE 1587.5954 1587.21966 503.368497 380.395716
10 PINHOLE 1587.5954 1587.21966 503.368497 380.395716
11 PINHOLE 1587.5954 1587.21966 503.368497 380.395716
12 PINHOLE 1587.5954 1587.21966 503.368497 380.395716
13 PINHOLE 1587.5954 1587.21966 503.368497 380.395716
14 PINHOLE 1587.5954 1587.21966 503.368497 380.395716
15 PINHOLE 1587.5954 1587.21966 503.368497 380.395716
16 PINHOLE 1587.5954 1587.21966 503.368497 380.395716
17 PINHOLE 1587.5954 1587.21966 503.368497 380.395716
18 PINHOLE 1587.5954 1587.21966 503.368497 380.395716
19 PINHOLE 1587.5954 1587.21966 503.368497 380.395716
