1 0.13569803191337107 0.13933956411486126 -0.5221769331266553 1.0
2 0.14657475748677737 0.12968567412297774 -0.5641039117239576 1.0
3 0.14614494306132242 0.12309787772332208 -0.5659867407352275 1.0
4 0.14922095954086007 0.11803669619364414 -0.5653050750901959 1.0
5 0.14259160611670912 0.11921841445343595 -0.568437546612503 1.0
6 0.15013258074310704 0.11220672347763946 -0.5653773722264115 1.0
7 0.18728374481202817 0.09807289094125987 -0.5118887611808672 1.0
8 0.14067264875183677 0.11360327097922854 -0.5705989313622374 1.0
9 0.18708294522500984 0.09532813061517871 -0.5124561868778594 1.0
10 0.18685348709837746 0.09223438768563105 -0.513297248111686 1.0
11 0.18653011644831036 0.08970575916015841 -0.513219947058779 1.0
12 0.14839058497660046 0.10240545698974475 -0.5674180752178785 1.0
13 0.14091675622875832 0.10401903318649547 -0.5724397451238764 1.0
14 0.14001236616677973 0.10161479934785107 -0.5731265603020002 1.0
15 -0.06537904565412796 0.14021864852367522 -0.627985898796018 1.0
16 0.14987957327788537 0.09679643805446721 -0.5689365125061124 1.0
17 0.1387043665838734 0.09867557139271059 -0.5739473620242302 1.0
18 -0.06574051666486101 0.13771527849981738 -0.6281784990052002 1.0
19 0.14479682140928718 0.09645417909343795 -0.5729514217825664 1.0
20 0.185810939817002 0.0815353110940919 -0.5151125973654278 1.0
21 -0.06601506129794603 0.13437440622318048 -0.629141568864351 1.0
22 0.18857627999986895 0.07747210670520718 -0.51463438899132 1.0
23 0.15038885225008186 0.09123758109700303 -0.5703873038078893 1.0
24 0.1823749109842438 0.07814111543050195 -0.516689811169494 1.0
25 0.1553073469982796 0.08871209162294391 -0.5689553218526637 1.0
26 0.18981678608439934 0.07205170339754441 -0.515302892608683 1.0
27 0.15138383059633279 0.08461445757991548 -0.5732624350248872 1.0
28 0.14931749284271228 0.0851774024078768 -0.575843716180758 1.0
29 0.14353751735640383 0.0862054474137724 -0.5774302540758873 1.0
30 0.14003638236812688 0.08640022827140859 -0.5805544130474231 1.0
31 -0.06721260471181141 0.12428791197603936 -0.6312780616366643 1.0
32 0.15522449467895547 0.08151884710229344 -0.5683659311652353 1.0
33 0.13080077916366278 0.0858327537083676 -0.5801763199929072 1.0
34 0.14438530222035248 0.07971634101610235 -0.5802612023917457 1.0
35 -0.013691273990694534 0.10186860602923842 -0.5653703961041691 1.0
36 0.18880191608126093 0.06295744702915236 -0.518121727087246 1.0
37 0.1809019003868205 0.06428693681433315 -0.5194861678924608 1.0
38 0.1360584098624396 0.08040386893586572 -0.5819392286120065 1.0
39 0.05275684866391498 0.09028158993673083 -0.5675351071773611 1.0
40 0.15554390537294646 0.07408837245926878 -0.569514307839448 1.0
41 -0.06426000795124034 0.11523703709599786 -0.6303464012280131 1.0
42 -0.07130227196456501 0.11708868490309814 -0.6362848561718046 1.0
43 0.1298984867638353 0.0789857603352303 -0.5818566932385056 1.0
44 0.05241260267732084 0.08733638259240854 -0.5684697877711309 1.0
45 0.1892684550918855 0.05889036163002608 -0.5172317403058468 1.0
46 -0.014550317136817746 0.09629769307558654 -0.5661881291836648 1.0
47 0.14436816188045187 0.07465062093241848 -0.5808559733062082 1.0
48 0.1357204598683143 0.07529492994447788 -0.5825555136895249 1.0
49 -0.06847513703942217 0.11157493615667378 -0.634170643737856 1.0
50 0.18980856751851027 0.056149386073935714 -0.5185978773506061 1.0
51 0.15462867097309774 0.06744013290741548 -0.5713804344378446 1.0
52 0.05181732122123595 0.08115565219947164 -0.5697449777040244 1.0
53 0.14606929028569124 0.06860898390281923 -0.5793963100837533 1.0
54 0.1299365376258822 0.07173821011059413 -0.5832761615924137 1.0
55 0.15166355735143403 0.06659465303517903 -0.5761695649368953 1.0
56 0.15006304281812324 0.0673771325924164 -0.5793067790926087 1.0
57 0.13822336828914808 0.06941936384470604 -0.5820581061884659 1.0
58 -0.06567544551125218 0.10658184742286429 -0.6330085111454875 1.0
59 -0.07186740227960546 0.10786625801915319 -0.637870851062042 1.0
60 0.19399787686414513 0.050745217131603876 -0.5174384411009219 1.0
61 0.17330745943247003 0.0533993996447371 -0.522794623564613 1.0
62 -0.015433609934340174 0.08822940435767386 -0.5676290002758186 1.0
63 -0.06543579623674525 0.10191844924576327 -0.6327271218274388 1.0
64 -0.07301242655982008 0.10404423923525598 -0.6395503998205103 1.0
65 0.050653497770980056 0.07355509807799933 -0.5706329742138528 1.0
66 0.1939765171790329 0.04454303179346496 -0.517886581779101 1.0
67 -0.06521695281181449 0.09905359117455637 -0.6334179929107324 1.0
68 0.17272999532166655 0.047948188434329284 -0.5252449192051283 1.0
69 -0.019994645030121275 0.08061639259161617 -0.5711981002211979 1.0
70 -0.012970371661838226 0.07898219492699045 -0.5672145901517254 1.0
71 -0.0772253963450541 0.09894038528039922 -0.6446011406334309 1.0
72 0.17728053070178795 0.04417368193414603 -0.5252770981197025 1.0
73 -0.062060591525310335 0.09412039525516117 -0.6317251282279661 1.0
74 0.1940608617460572 0.04081582135952263 -0.5194292208248847 1.0
75 0.18384974343676655 0.0403080080060102 -0.5246563559557276 1.0
76 0.17741887991540065 0.041247181959347894 -0.5263111692544273 1.0
77 0.14419716953596257 0.05518250544067133 -0.5838003774575514 1.0
78 0.1940797741993959 0.03711503622570532 -0.5182425318531632 1.0
79 0.13567442954421757 0.05523943890791202 -0.5817768942304616 1.0
80 0.17153154510400676 0.04078753482391765 -0.526712013769691 1.0
81 0.055563757208686095 0.06401296981956942 -0.5694969157765322 1.0
82 0.04428909901009611 0.06632300983022993 -0.5758311107567584 1.0
83 -0.07960067583786874 0.09313035555099286 -0.6467004867582286 1.0
84 -0.06159615844096688 0.08772166491842531 -0.6314400732654991 1.0
85 0.05144252137390182 0.06081928384997139 -0.5762022966226555 1.0
86 -0.01429690974374242 0.06774599323105229 -0.5685392997258396 1.0
87 -0.02140685949085815 0.06955297685743603 -0.574081938857171 1.0
88 0.19239612668634892 0.030540592863101863 -0.5196675076437435 1.0
89 0.18644465177799496 0.03160484350487364 -0.5256372237678393 1.0
90 0.17217697864132384 0.0341306086348727 -0.52743848272469 1.0
91 -0.08126124071075803 0.08766988015384677 -0.6479765374671465 1.0
92 0.17943575410935067 0.031998371505822444 -0.5264575027124718 1.0
93 -0.061293212834613 0.08162330675691631 -0.6321157141474292 1.0
94 0.14955408128008604 0.04360338100042952 -0.5814582653029026 1.0
95 0.13772720363923904 0.046516158284842304 -0.5872786392197106 1.0
96 0.14091208033647828 0.04555623243409804 -0.5865527811600725 1.0
97 0.12860600413946952 0.04720835300271283 -0.5885015657242022 1.0
98 0.14383297417545193 0.04425992281964486 -0.5838936404761933 1.0
99 0.04873596234117353 0.05504514789137014 -0.5778048587746929 1.0
100 -0.019544567999118793 0.06295388140853282 -0.5744517387984767 1.0
101 -0.01064743272046221 0.060402204769992855 -0.5680391845104494 1.0
102 -0.025702237149976003 0.06408501745900479 -0.5777542187145218 1.0
103 0.1385959539427536 0.0426507808155645 -0.588697093261464 1.0
104 -0.0810914210224102 0.08147107752513347 -0.6497194537430988 1.0
105 0.18559728337671152 0.024557189457891888 -0.52672002112614 1.0
106 0.152919678306141 0.03801896195562453 -0.576062211616829 1.0
107 0.13307321361786434 0.04252005575955685 -0.5897168855349175 1.0
108 0.05414987057937381 0.04956941933077633 -0.5723700970695925 1.0
109 -0.019951795581226815 0.05965856229237401 -0.575272195172392 1.0
110 -0.01190439621421135 0.05643799392876728 -0.567867481464698 1.0
111 -0.02659679737370319 0.060136445948816224 -0.5775074498480387 1.0
112 -0.0702215040127882 0.07640960743755593 -0.6455435171109921 1.0
113 0.05487913080795906 0.04714935367766206 -0.5736969155244179 1.0
114 -0.07674625247838955 0.07738000942488686 -0.6486538628081822 1.0
115 0.04181806122110837 0.0495630675776321 -0.5786541630858015 1.0
116 -0.06550030947243309 0.07414684355363899 -0.6399833055054596 1.0
117 0.15314097514041594 0.03461632577270193 -0.579010724010099 1.0
118 0.1370969129716737 0.038064468914905294 -0.5899953686668171 1.0
119 0.12683251776436688 0.039970562893786775 -0.590351255223932 1.0
120 0.1334543395636291 0.03804643042805621 -0.5912784994246101 1.0
121 0.1456359842949808 0.03534315967310475 -0.5876689269668506 1.0
122 0.05956880931590491 0.04272773097167 -0.5725439992410422 1.0
123 0.04849278427939522 0.04595654718887089 -0.580094037485568 1.0
124 0.03790550224555545 0.04735327789683084 -0.5825267050617348 1.0
125 0.1533154564839845 0.030148302075518555 -0.5757308738260283 1.0
126 -0.014836378805867564 0.05169623782188383 -0.5762503735127307 1.0
127 -0.010420683535740822 0.04871247701346242 -0.5690157310448779 1.0
128 -0.021601683936669853 0.0528685968130356 -0.5797222070546524 1.0
129 -0.02843055141332773 0.05301460435785262 -0.5812280627376399 1.0
130 0.12862063848083274 0.03400805863720254 -0.5928795926665069 1.0
131 0.1525635639888049 0.027225174153281725 -0.5787194788548115 1.0
132 0.06283360313483038 0.035737160206661754 -0.5696863826496934 1.0
133 -0.0671676122425477 0.06523492290965613 -0.6423365688997409 1.0
134 0.03171786962037437 0.041916852634127456 -0.5863410549519031 1.0
135 0.18461813280591538 0.01168562098090938 -0.5289554503963018 1.0
136 0.1781264847296762 0.012505561652156248 -0.5302305104326361 1.0
137 0.12165357810337499 0.030215542310169218 -0.5909474968158357 1.0
138 0.19101481080327623 0.008714849627482696 -0.5233288757465399 1.0
139 0.13929909556608597 0.027166503693403177 -0.5909493744586266 1.0
140 0.17081932571671965 0.012474613435027891 -0.5310290350773542 1.0
141 0.1298288632482405 0.027443935055442282 -0.5918488038245302 1.0
142 0.19306905648443345 0.005897235300809435 -0.5227880623620474 1.0
143 0.1671789412831237 0.010766151852435376 -0.5324538588587435 1.0
144 -0.045577948225948024 0.05399713035101324 -0.6243181133848713 1.0
145 -0.0794589598659297 0.06064222599747136 -0.6504518519975784 1.0
146 -0.06707424045627976 0.057562122537177685 -0.6439973920420222 1.0
147 0.06123696438206984 0.03034309348102896 -0.5857994337384425 1.0
148 0.06402205558922296 0.029682773947210046 -0.5856154365797389 1.0
149 0.18761069440840963 0.003475644776043802 -0.5296932272254851 1.0
150 0.18243953034888913 0.004198225579054743 -0.5311113743159378 1.0
151 0.14711955428266402 0.018221589890628345 -0.585350966885552 1.0
152 0.13484266480346166 0.02090606936788804 -0.5920641607969126 1.0
153 0.1713473034155277 0.0052761997384891 -0.5335603481393352 1.0
154 -0.0700563056502444 0.055296314440669625 -0.6483539694004692 1.0
155 -0.07487651427038097 0.056791128912776 -0.6527884304896409 1.0
156 -0.08448660297932442 0.05786546856512236 -0.655119925046195 1.0
157 0.19355331304729406 -0.00036211745379208205 -0.5230305001919053 1.0
158 0.16539674959988412 0.005416974995520723 -0.5343776069788533 1.0
159 0.14050614968878486 0.018121651243289048 -0.591009882727262 1.0
160 -0.06408576785453952 0.05229187258854573 -0.6393634333989251 1.0
161 0.1269864033785721 0.01985507262693772 -0.5952982030730044 1.0
162 0.06741959121215131 0.022785330092919862 -0.5701105108935013 1.0
163 0.04174034498115524 0.02894977015867275 -0.5908453088363002 1.0
164 0.025293015082638922 0.03033261046551805 -0.5910992638919517 1.0
165 0.06675118509202947 0.024058579808047702 -0.5893923279278712 1.0
166 -0.008198081183370962 0.032106608060389806 -0.5811069181395022 1.0
167 -0.06758838711227093 0.050249610913936815 -0.6431241402263891 1.0
168 0.058504730602723765 0.025297135760148935 -0.5941858287439619 1.0
169 0.1531596562343964 0.0029040595353521507 -0.5405742402844909 1.0
170 0.17136103279558995 -0.0012621623897681091 -0.5347441808525785 1.0
171 -0.07087937895633652 0.049687712312080384 -0.6494264582602284 1.0
172 -0.07540087504508507 0.05085020698258891 -0.6537786102251537 1.0
173 0.19273602803560944 -0.006038048508970466 -0.5246697741273031 1.0
174 0.18856133893860633 -0.004367068790772796 -0.5309595382472148 1.0
175 -0.06674041342298409 0.0476708250053667 -0.6441944181548273 1.0
176 0.1814765602384198 -0.004002113920979499 -0.5309542995904462 1.0
177 0.1663541256050099 -0.0012512122633462572 -0.5351284142743111 1.0
178 0.04694429887538553 0.023076923948990424 -0.5895925748404688 1.0
179 0.04148051505213469 0.02372468542956278 -0.5923500735973413 1.0
180 0.03161969539553603 0.025040539659218795 -0.5934696990292734 1.0
181 -0.048234076308901246 0.040390740974243416 -0.6262698921527063 1.0
182 0.17211412712672444 -0.0033932837209368094 -0.536287457212664 1.0
183 0.06709815128875524 0.015412955680193383 -0.5700639912128069 1.0
184 -0.07096665860917278 0.04711657140756863 -0.6503343310450175 1.0
185 -0.0736156120292152 0.04764320715719457 -0.6517588177426396 1.0
186 -0.07597218136004302 0.04831727234276483 -0.6542026061200594 1.0
187 -0.06814650714188651 0.044928518825444845 -0.6435341394366428 1.0
188 -0.08133636918916148 0.04880164857493219 -0.6566407368362239 1.0
189 0.1364236603884429 0.010891596465016916 -0.5953008877524975 1.0
190 0.02367639208499805 0.024034835077922645 -0.5933618616218436 1.0
191 -0.06343440079038562 0.04286133096017101 -0.6391736624273028 1.0
192 -0.086438496176092 0.04928949001168046 -0.6592738221833813 1.0
193 0.13221886550142767 0.010993603912196719 -0.5952991195558052 1.0
194 0.04090047976863936 0.020564684672118905 -0.5919139656208935 1.0
195 0.031231337196915947 0.021395566264725992 -0.5944434168357167 1.0
196 0.1766030918276879 -0.008491971350595585 -0.533636116611974 1.0
197 0.06321030811280327 0.015971678205535345 -0.5931754883315411 1.0
198 0.18764143888039322 -0.011203508419599028 -0.530815219802924 1.0
199 0.1519253668135979 -0.00531998457142324 -0.5428971248829826 1.0
200 0.03737269087048103 0.018142963061553875 -0.5946525802676584 1.0
201 0.033919611892488453 0.018508536728365322 -0.5942080988726466 1.0
202 -0.044230184094334185 0.03283935133498117 -0.6256219128761609 1.0
203 -0.051886898003409974 0.0348992205968246 -0.6315580436759346 1.0
204 -0.0644588485117164 0.03766406509493484 -0.6406334713325562 1.0
205 -0.06881529930299157 0.039061450509691356 -0.6456627839324097 1.0
206 -0.07190327053898976 0.04080626253880287 -0.6514409701249976 1.0
207 -0.0821767526766947 0.0426151350475705 -0.657592126344297 1.0
208 0.18226277615611589 -0.011274583109283164 -0.5339583133321715 1.0
209 0.17145069902976312 -0.010315769069722041 -0.5347736116683118 1.0
210 0.16909978061632705 -0.009636129834537927 -0.536109129843226 1.0
211 0.14616398107415798 -8.038483466011376e-05 -0.5904668293745307 1.0
212 0.1340098626290413 0.0022273113939079167 -0.594898647979481 1.0
213 0.13220108652962756 0.0031102590630832337 -0.5981893970215635 1.0
214 0.11052701484493602 0.003782311277924479 -0.5875882033392866 1.0
215 0.09752052709086159 0.004115816942002001 -0.5790218683696633 1.0
216 0.0538329896942949 0.012329595333847285 -0.5978849052567639 1.0
217 -0.04906367692567322 0.029724834995183858 -0.6289150923041736 1.0
218 0.1533288976616841 -0.010541806757276733 -0.5429174973545727 1.0
219 0.12777176640910265 0.0024744848008884756 -0.5982233096195194 1.0
220 -0.05225599138986241 0.0262358569167742 -0.6324778618601324 1.0
221 0.07516386930198639 0.001255053275388952 -0.5755801681292393 1.0
222 0.06039804800826721 0.007661981769168455 -0.6016719705631264 1.0
223 -0.045997958478259666 0.024556291301078125 -0.6274084195331181 1.0
224 -0.048822991927130806 0.025277713039921025 -0.631328707473976 1.0
225 -0.07090204614391023 0.030971773575769003 -0.6505465291627072 1.0
226 0.08682659453110003 -0.001553831575512731 -0.5779620102485886 1.0
227 0.07162712700864912 0.0008860306662215619 -0.5854157653460417 1.0
228 -0.07987365283484611 0.0327053170803688 -0.6587710283306477 1.0
229 0.18085478393929602 -0.023133747428903652 -0.5352829360775802 1.0
230 0.14566358886076095 -0.007599195304011234 -0.5925420730000868 1.0
231 0.13624625373126936 -0.005682908526514216 -0.598529240514002 1.0
232 -0.04456987371808411 0.020244679287800594 -0.627446212041918 1.0
233 0.15392321741106307 -0.016384756300417365 -0.5545192629861793 1.0
234 0.15147586461334958 -0.015901389346390384 -0.555776366063168 1.0
235 0.12079970509118454 -0.004103669955202867 -0.6013757018283602 1.0
236 -0.054835151835113 0.022456692105498124 -0.6345564647426097 1.0
237 0.17554968063763562 -0.023583195787905582 -0.5361988364895574 1.0
238 0.1499048307026216 -0.010216680247959445 -0.5881543838981259 1.0
239 0.12750534793592405 -0.0050697541042913725 -0.600301852038252 1.0
240 0.08016876168209155 -0.0031012608971592885 -0.5849934989553536 1.0
241 -0.005145500484737978 0.012740933830950332 -0.617608623316324 1.0
242 -0.015929512976104773 0.013460781225991047 -0.6134673048264961 1.0
243 -0.02570025018722887 0.014524310715669361 -0.6151045013534532 1.0
244 0.054697406701925626 0.0029863791419827844 -0.6062279366566323 1.0
245 0.07088207961864507 -0.0017393705374022365 -0.5926921332550878 1.0
246 0.08400664179767277 -0.005507430795565099 -0.5835363780971182 1.0
247 0.04565521518279301 0.0028664429030847145 -0.605584495599986 1.0
248 0.09405498299396939 -0.006836979988862301 -0.5882784709767938 1.0
249 0.24541174662169538 -0.028778874413443296 -0.5636402588266644 1.0
250 0.0900650936120826 -0.0062871428620980335 -0.5894982448789113 1.0
251 0.08090090257448626 -0.005503272100642211 -0.5876950466327843 1.0
252 0.07670138129509974 -0.0037979288077353113 -0.5913196005647584 1.0
253 0.035306564986375834 0.001987391206900903 -0.6043240892090394 1.0
254 -0.051569120128913015 0.017571301828742825 -0.638983924406884 1.0
255 0.16613025763480385 -0.02302670740913878 -0.558808867794965 1.0
256 -0.039619503726583974 0.012997530839613315 -0.6261435650791372 1.0
257 -0.04356049535105686 0.015276225200411803 -0.6330159991649138 1.0
258 -0.05906058903913103 0.01843811658996578 -0.6412639447236428 1.0
259 0.07564948754483354 -0.00724898489957204 -0.5916285258945893 1.0
260 0.14938541955004261 -0.016785239010541898 -0.5874260603485285 1.0
261 0.05816512696431633 -0.0032075649371992 -0.6066788653712476 1.0
262 0.021665302649474416 0.002984915339184199 -0.6174050806355056 1.0
263 0.01457886549785082 0.004502128723366941 -0.6186289323566198 1.0
264 0.13423584125566962 -0.012867379544067647 -0.5997487646594851 1.0
265 0.14507767001928515 -0.016248720195057346 -0.5924234477150777 1.0
266 0.10367472807406557 -0.011485661287128671 -0.5911294056472041 1.0
267 0.04591144267774264 -0.002559286933265465 -0.6073230544699076 1.0
268 0.11987344445160279 -0.012746441518224527 -0.6031645003013999 1.0
269 0.02137643986967051 0.0002661965975143912 -0.6176573123392117 1.0
270 -0.0479628789295072 0.012249487404703004 -0.6370670190262123 1.0
271 -0.03203331934503089 0.006471826302676342 -0.6224844251249887 1.0
272 -0.037083389031174 0.007124559046401745 -0.6247834561499656 1.0
273 -0.04337380579550741 0.00906809078327532 -0.6331208250735509 1.0
274 -0.06328100673888608 0.014049236801579362 -0.6448067226950938 1.0
275 -0.07196372099379329 0.01721734228316503 -0.6539595767436058 1.0
276 -0.08351733450514007 0.019828957913672503 -0.6602044362556238 1.0
277 0.16009208421068755 -0.026014787970724467 -0.5687450016633845 1.0
278 0.1215979740190321 -0.01514949856829737 -0.604355182466636 1.0
279 0.16632065731547332 -0.029147481452860335 -0.5607490436705873 1.0
280 0.12502056704333414 -0.01578546232866976 -0.6040316137738172 1.0
281 0.1303707413210363 -0.018381901995947594 -0.6022666527884853 1.0
282 0.10325324614015703 -0.015756532160723747 -0.5972166829260722 1.0
283 0.1462052237843402 -0.02249558693561924 -0.5920848336579835 1.0
284 0.14158045933026572 -0.020462155699979265 -0.5995915038951711 1.0
285 0.13514662811717298 -0.019570359206902258 -0.6017758780239144 1.0
286 0.058740035412266564 -0.009712505075016161 -0.6092098169016529 1.0
287 -0.036277932110147 0.0044879954182003145 -0.6302111543562677 1.0
288 -0.07812217609589203 0.014886766197841309 -0.6602581905169246 1.0
289 0.12452209193740967 -0.01842506822471902 -0.6040877800040101 1.0
290 -0.08135368747753141 0.015052129078357818 -0.6624607846519048 1.0
291 0.08668244168755129 -0.01505931999917939 -0.6057935480613504 1.0
292 0.03762277919231089 -0.007937733181865931 -0.6146716246847126 1.0
293 -0.06765827441887329 0.009922248063058926 -0.6464453955521572 1.0
294 -0.07286257866031179 0.012584147450424651 -0.6559860715297127 1.0
295 -0.09040707886053086 0.016370813260434665 -0.6664772898583501 1.0
296 -0.01655356392436431 -9.333782754867476e-05 -0.6278531703705675 1.0
297 0.24331890549380514 -0.03981744507377259 -0.5706596635568739 1.0
298 0.2372623345586613 -0.039213194292872504 -0.5713688981538939 1.0
299 0.15439135204536011 -0.029943408371466678 -0.5725659393818884 1.0
300 0.08225767538120747 -0.015359651594945215 -0.6049324095489634 1.0
301 0.10010941260188642 -0.01886609114392472 -0.6006914056459395 1.0
302 0.07810844571673495 -0.015637417469049793 -0.6048781364603026 1.0
303 0.07077491951081864 -0.014980966028312784 -0.6051621351015901 1.0
304 0.0071806056304254216 -0.004977850829995129 -0.6233069061597442 1.0
305 0.0022347152493122466 -0.004358280845556915 -0.6252596297790003 1.0
306 -0.0050712848676358726 -0.003275718682323897 -0.6274082089884166 1.0
307 0.13001904181850968 -0.022641872957384214 -0.6029720755464004 1.0
308 0.04226963051925584 -0.01183832815187929 -0.6130762999208156 1.0
309 0.021404114264576692 -0.007550200785872096 -0.6221294979771245 1.0
310 0.014627624496042482 -0.006800594317333346 -0.6221710774585392 1.0
311 -0.023924911697066936 -0.0009647129349276307 -0.6327066462405405 1.0
312 -0.044135827781957494 0.0022874501313042465 -0.638315097889763 1.0
313 0.14546120095179108 -0.027321346165471487 -0.592196904416978 1.0
314 0.14399044498486058 -0.026214743324964318 -0.5966500098039743 1.0
315 0.12411991265802176 -0.02239988017873654 -0.6050787063400921 1.0
316 0.04772747580255147 -0.014580623343814115 -0.6116327637955771 1.0
317 0.23862000468133576 -0.04273861543956968 -0.5736950445084413 1.0
318 -0.06350743241924481 0.0034951585162449274 -0.6465814989717675 1.0
319 0.24465402420525442 -0.04347848469171898 -0.5725936851480757 1.0
320 0.2327367670597977 -0.04249894097944823 -0.5743859574528694 1.0
321 -0.05455677334344373 0.0020459470639555923 -0.6467775421318642 1.0
322 -0.06724910423021306 0.0038028265610696925 -0.6502359440994978 1.0
323 -0.07356537518996364 0.006004662677547776 -0.6570713723460511 1.0
324 -0.0778658488767318 0.007507437924185031 -0.6619962844341701 1.0
325 -0.08292909603571876 0.00832529995635668 -0.6641602742445633 1.0
326 0.01463293662307632 -0.010052157114308326 -0.6229810611138038 1.0
327 -0.019951768670262746 -0.005120318798201868 -0.6324766543177077 1.0
328 -0.07638699522932597 0.006676096519518212 -0.6591305265428463 1.0
329 0.08665510022566568 -0.021222270998130035 -0.6105183057425937 1.0
330 0.06217556690879953 -0.018302123923745965 -0.6145456249457488 1.0
331 0.010410330336290475 -0.010876978995369135 -0.6263488087308957 1.0
332 0.0037088110649245065 -0.009762545432693918 -0.6289899161279152 1.0
333 0.1579893934579056 -0.03780860857350359 -0.5722435693037047 1.0
334 0.07525139747048179 -0.022067762992479787 -0.6052628073230739 1.0
335 -0.044203104915126634 -0.0024262900859172735 -0.6412184217117213 1.0
336 0.014218203135816034 -0.012936685136253729 -0.6226859648894503 1.0
337 0.05466354985638062 -0.018846340525389426 -0.6175170246879492 1.0
338 0.04377113133550536 -0.018111189536850897 -0.6181515131495811 1.0
339 0.027713328154436685 -0.014922808633821165 -0.6279076391872286 1.0
340 0.07474114105663623 -0.025363738528775822 -0.6051142634417511 1.0
341 0.013646724862679043 -0.016926964828455914 -0.623650030338116 1.0
342 0.006374098981033124 -0.01485978659354918 -0.6287394028219094 1.0
343 -0.008917725929843369 -0.011512283841528907 -0.6382863647480641 1.0
344 -0.01849749348573186 -0.010728218124967258 -0.6382202471286018 1.0
345 -0.02777459975845553 -0.008167425230519876 -0.643841745217564 1.0
346 0.16470233059188139 -0.04524709606734222 -0.5632814619489895 1.0
347 0.10948002164418628 -0.031916127277445465 -0.5989137280685736 1.0
348 0.09202301565128368 -0.027919857995857073 -0.6095549168815203 1.0
349 0.1005940284733396 -0.031587254556851144 -0.6008214883966927 1.0
350 -0.033642619154370765 -0.00843634902413449 -0.6470294967128976 1.0
351 -0.07886903594742482 -0.0006839974730856635 -0.6622530494559875 1.0
352 0.07155149086900135 -0.027432639193657588 -0.6093372236718687 1.0
353 -0.042788891498202405 -0.007707846349129765 -0.6475548109362803 1.0
354 -0.05321773979353478 -0.005510445089545292 -0.6522982607923079 1.0
355 -0.07293928572817182 -0.002682509844781926 -0.6582569353672845 1.0
356 0.23857660760134183 -0.05188072789185526 -0.5748353123909422 1.0
357 -0.05558638913987695 -0.005403925971373217 -0.6538681897407626 1.0
358 -0.058889476152094854 -0.005075244461876391 -0.6554512157274087 1.0
359 0.24436460171639263 -0.0528016355911801 -0.5736560552762809 1.0
360 0.20649802193027056 -0.04891432519037063 -0.5804860490274036 1.0
361 0.07924493561584608 -0.029928224977482456 -0.608999230849816 1.0
362 0.0423479319600411 -0.024541435390086852 -0.6183672430454393 1.0
363 0.21959883871535335 -0.05050988123360754 -0.5789224787790175 1.0
364 0.2121478814619368 -0.050706378443194984 -0.5794023528186759 1.0
365 0.05494215314224994 -0.02670082383236722 -0.6208374687583971 1.0
366 -0.09279965809235892 -0.0025664931560650866 -0.6704189670225414 1.0
367 0.07453293419405888 -0.0314742094899364 -0.6126690271020707 1.0
368 0.001932613640186689 -0.021167591795585004 -0.6315766716125119 1.0
369 -0.019750446755062604 -0.017222611197566767 -0.6391760684780803 1.0
370 0.23828401962388263 -0.05626772793214045 -0.5751633541647799 1.0
371 0.15728236674672383 -0.04752494800056056 -0.5808497719962231 1.0
372 0.04724789830321857 -0.027805588072033455 -0.6199547234429754 1.0
373 0.009279833839228592 -0.022356071773611704 -0.6294358518171158 1.0
374 0.09298763320426967 -0.03509000992540433 -0.6121706388581458 1.0
375 -0.0439052428184418 -0.014281887175440194 -0.6476442959222977 1.0
376 -0.010258979746438135 -0.01983662470400324 -0.639892936297395 1.0
377 0.06253883427028255 -0.03137429141577942 -0.6198769641097676 1.0
378 -0.0025536380443059556 -0.02141353423424822 -0.6385394661815939 1.0
379 -0.03466259638247108 -0.01613125789909056 -0.6489612490134506 1.0
380 -0.05979228996746819 -0.011858629495592889 -0.6561780124059794 1.0
381 0.08285343467050825 -0.03567435045450093 -0.6160869226163239 1.0
382 -0.01041450759738978 -0.02241436365375287 -0.6407250864076118 1.0
383 -0.002742340352129556 -0.023804368526763608 -0.6390456414911994 1.0
384 -0.027095248698372466 -0.01959225850041617 -0.6474737164102574 1.0
385 0.2320247860774923 -0.060899331034203495 -0.5765976558325732 1.0
386 -0.05374805948721491 -0.01700825283811524 -0.6551077636902036 1.0
387 0.005354160689285171 -0.026863588651150086 -0.6362756184861035 1.0
388 -0.019269298656656643 -0.02295338431581904 -0.6450215273818615 1.0
389 -0.012071207066104398 -0.025413249629242664 -0.6434505012260864 1.0
390 -0.0439359650724109 -0.01954915630527471 -0.6543475084393179 1.0
391 0.19944767356688778 -0.059195078550614226 -0.581783794743578 1.0
392 -0.06365242448610631 -0.01702792757531749 -0.6602963054143851 1.0
393 0.19269874730448558 -0.05899970786321417 -0.5845106741041611 1.0
394 0.23073714977690835 -0.06380049672540701 -0.5873397759215252 1.0
395 -0.0025334508620001406 -0.030297149068764597 -0.6417266668550549 1.0
396 0.21075048084027748 -0.06388160779224525 -0.5815172910546162 1.0
397 -0.06392206558231163 -0.021860928134981132 -0.6615644715856669 1.0
398 -0.03912162648776305 -0.025737834006314485 -0.663183312097092 1.0
399 -0.0724278876329936 -0.021655186433066995 -0.669957850217477 1.0
400 0.1860827086327011 -0.06820214212169497 -0.5856062192941699 1.0
401 0.20585990400387078 -0.07278832444444212 -0.5844255261296076 1.0
402 0.19755115076696816 -0.07182439118247524 -0.585571562794223 1.0
403 0.17926904765196883 -0.058816948070930145 -0.6375800659037142 1.0
404 0.19196355606779023 -0.07245081564299481 -0.5856165257790624 1.0
405 0.16863994540271338 -0.059696312160428616 -0.6439954914109884 1.0
406 0.19869644522612734 -0.07707916043073443 -0.5877674208435772 1.0
407 0.18094693775771603 -0.06585811473605524 -0.6379910672319535 1.0
408 0.17812442335424755 -0.06485034353880495 -0.6413890023713728 1.0
409 0.17282254050181273 -0.06423016914462663 -0.6424505048972095 1.0
410 0.1661891290107517 -0.06717318709451653 -0.6434845058961591 1.0
411 -0.05151564416601699 -0.03112063408080128 -0.7173109408658013 1.0
412 0.16167638734798215 -0.06576906973762964 -0.6481242465937944 1.0
413 0.1616230437169746 -0.06854381948058198 -0.6478698994812566 1.0
414 0.177339148367846 -0.07146920533250328 -0.6424963678726922 1.0
415 0.16501199088503726 -0.06966573521978135 -0.6468665083438347 1.0
416 0.15341881413120614 -0.06910529567476907 -0.658393101205632 1.0
417 0.049932450286645925 -0.05121535108341947 -0.701357111576414 1.0
418 0.1725977983622829 -0.07415952078893306 -0.65150091472071 1.0
419 0.13584078574424513 -0.06517560665159135 -0.6746476142020131 1.0
420 0.08948454498570647 -0.058431702817874555 -0.6866130197847122 1.0
421 0.13878275533471582 -0.07229331517155914 -0.6689226443373344 1.0
422 0.14299909105896288 -0.0735657001894977 -0.6655667057333325 1.0
423 0.1364563176003451 -0.0717408335438188 -0.6723633672956529 1.0
424 0.16271929920156097 -0.07758131600127348 -0.6596336664674325 1.0
425 0.16069751284148645 -0.07700912465117217 -0.6612407283314065 1.0
426 0.1306422129573345 -0.07108653839105311 -0.6739330622546859 1.0
427 0.14895203135418827 -0.0790393076197683 -0.6668869559260002 1.0
428 0.14033160920477275 -0.07642255573920545 -0.6742173454555044 1.0
429 0.12979497412131796 -0.0749004826126186 -0.6784965114320969 1.0
430 0.13067870163775955 -0.0788166122419952 -0.692012015227904 1.0
431 0.11353379714071477 -0.07430979182093451 -0.7046985607473889 1.0
432 0.07208705901550612 -0.07292731080157877 -0.6987378893132861 1.0
