1 -0.5920655478274724 -1.0511116139747443 3.8735957508582130 0 0 13
2 -1.1934206997476422 -1.0540456764516302 4.4533960546858580 0 0 13
3 -1.1852786065277003 -1.0186581151248884 4.44122712087807250 0 0 13
4 -0.5864987952996523 -0.9994518473772377 3.88043287552081970 0 0 13
5 -0.5319772590337751 -1.0008694566396017 3.8676391130761410 0 0 13
6 0.25544999900682724 -1.1489771122186139 5.3399446316373270 0 0 13
7 -0.5813087084962768 -0.9689408632346472 3.84958700947500350 0 0 13
8 -0.5229266977581446 -0.9719457803523587 3.8735914574013110 0 0 13
9 -1.1768435602717229 -0.9549012025697 4.4314779297151440 0 0 13
10 -0.530036018991229 -0.9451926922027145 3.8169907051260650 0 0 13
11 -0.5739643964817616 -0.9388672900779441 3.82462281167417650 0 0 13
12 -1.1575441256120618 -0.932780420468471 4.4367883292242320 0 0 13
13 -0.5999465381969924 -0.9287999213363924 3.81865490242451950 0 0 13
14 -1.1986587662249284 -0.9016507689814094 4.4160778036408340 0 0 13
15 -0.5330317941948657 -0.9078425406907351 3.8397974395198620 0 0 13
16 0.26824763865078993 -1.0484912144927665 5.3251637637452690 0 0 13
17 -0.6126649781121615 -0.892696095113179 3.8367624196436920 0 0 13
18 -0.4405383008229216 -0.9360186651230966 4.8026201014394840 0 0 13
19 -0.515353491082422 -0.8710729619567754 3.7977203416273860 0 0 13
20 -0.35818988607381524 -0.9917131878140387 5.7763536689345330 0 0 13
21 -1.1779629180371296 -0.8464086127409103 4.38817613762331950 0 0 13
22 -1.1430534403503112 -0.8518773657760119 4.4201483191536540 0 0 13
23 -0.48029949361173246 -0.87392346697924 3.8214279336336150 0 0 13
24 -0.612034629163189 -0.8538193279131575 3.8278168831661060 0 0 13
25 0.24797575785994966 -0.9946316613747865 5.30514673953316950 0 0 13
26 0.30395226803653647 -0.9993097711006812 5.3096950119122750 0 0 13
27 -0.4699854321701286 -0.863028746998919 3.86818811239334260 0 0 13
28 -0.4359960907031646 -0.9036998110388204 4.7965403754591940 0 0 13
29 -1.1949595122832977 -0.8240355982987593 4.4073804634223390 0 0 13
30 -0.351872220840401 -0.9540145267530138 5.7669459382641470 0 0 13
31 -1.1221283354253326 -0.8239905688639184 4.3993603976139770 0 0 13
32 -0.47747613081128526 -0.8445361663507677 3.81415729486949970 0 0 13
33 -0.5331119792824031 -0.8162906170338053 3.7966526106243660 0 0 13
34 -0.46667214623307857 -0.8237155283262456 3.8564001634087990 0 0 13
35 -0.569357992032603 -0.8102192861416893 3.80130061815285860 0 0 13
36 -0.48804800998355374 -0.8160710165692391 3.79749183336835430 0 0 13
37 0.2604920231049022 -0.9403523052282322 5.2951529588343860 0 0 13
38 0.30638636678354564 -0.9443985965511741 5.2975324325522660 0 0 13
39 -1.2146863600928197 -0.7786968574968165 4.3810857723535710 0 0 13
40 -1.105670919309432 -0.7823447113582371 4.4371370561757930 0 0 13
41 -0.3456387781505803 -0.899902216258102 5.7597186754557410 0 0 13
42 0.2535562865139667 -0.9091486375618436 5.3035007098369540 0 0 13
43 0.3183050500223556 -0.9169440596127605 5.29200391845468050 0 0 13
44 -1.1207780025120755 -0.7492423322748467 4.3362172654993030 0 0 13
45 -0.4281460213026102 -0.8217345780549158 4.7934676917937360 0 0 13
46 -1.2201736291602545 -0.7426104603490655 4.386363127150740 0 0 13
47 -1.0852507446071185 -0.7491852118923552 4.4063583082589990 0 0 13
48 -0.3115557964903121 -0.8456353417733123 5.75475129154010650 0 0 13
49 -0.35875125128618285 -0.8405924034425643 5.7267518071984960 0 0 13
50 0.3561091148931935 -0.8808318730324928 5.27522120461572450 0 0 13
51 0.2448346636820519 -0.8647739043143576 5.2241797293906790 0 0 13
52 -0.5352276546035336 -0.7455513184951921 3.7970452749172590 0 0 13
53 -1.0928124524910439 -0.7129207646528218 4.3614736521998580 0 0 13
54 -1.2284132464480917 -0.6993743044500962 4.3936229954642110 0 0 13
55 -1.0766258183813426 -0.7067836982095873 4.4006825394333170 0 0 13
56 -0.45386877948187226 -0.7689562911386619 4.7644760186089480 0 0 13
57 -0.3834683421472763 -0.7741179942888751 4.79076394637532750 0 0 13
58 0.37039066358739375 -0.8435353182199723 5.2809310033791450 0 0 13
59 0.2258077879828818 -0.8275124025422746 5.2764378462591660 0 0 13
60 -0.4234709153014657 -0.7447941187984064 4.7769751774164170 0 0 13
61 -0.3461128774286113 -0.767881755329359 5.6972326600513060 0 0 13
62 -0.2948484802643794 -0.7709848498396659 5.7290968138755630 0 0 13
63 -1.0816567267005486 -0.6696205233957817 4.3973986246275720 0 0 13
64 -1.1007946165681568 -0.6615586228957614 4.3410430933428620 0 0 13
65 0.23741758048927233 -0.788609134128795 5.2083682667269280 0 0 13
66 -0.4461495173775311 -0.6938436628671517 3.82212135478966350 0 0 13
67 -0.3846441574429116 -0.7097686653890376 4.7165476923714570 0 0 13
68 -0.2607144952605542 -0.7287499408449339 5.7240824372728370 0 0 13
69 0.3834372343762299 -0.7711711788085908 5.262343341969380 0 0 13
70 -0.5964357171282678 -0.6625262512355552 3.8094374143063980 0 0 13
71 -0.3699509610053247 -0.6951821391751204 5.69607845955491850 0 0 13
72 -0.26205151602723203 -0.7018411581621607 5.7377558398153160 0 0 13
73 0.3273166415348554 -0.7467727370676066 5.175802254594410 0 0 13
74 -0.434706846959641 -0.6712771341673969 4.7217614655596220 0 0 13
75 0.3630411046842204 -0.7481110429338113 5.2198614278684940 0 0 13
76 -0.3710825374879476 -0.6745213942299318 4.7851835078402850 0 0 13
77 0.2794801799450271 -0.7384558696003349 5.200282491534930 0 0 13
78 -0.5908992243164095 -0.6450659912694738 3.80651375563429230 0 0 13
79 -0.45007869248032756 -0.6556944676269276 3.84726007129521230 0 0 13
80 -0.4965907223159504 -0.6429682745845081 3.71327413281715660 0 0 13
81 -0.4510737578530335 -0.6451238215434215 4.6767718073071660 0 0 13
82 -0.38255795629592226 -0.6560766408562501 4.7138069673404830 0 0 13
83 -0.3368522580970719 -0.6581547821319736 4.7718968994735160 0 0 13
84 -0.610568929257747 -0.6213238594573008 3.7978150088794410 0 0 13
85 -0.29328843326983783 -0.6577824014967925 5.5491837950490460 0 0 13
86 -0.3635080089841462 -0.6454320200348267 5.6388412495367470 0 0 13
87 -0.23564679386216672 -0.6562245898978271 5.70185890062858650 0 0 13
88 0.3213909124241304 -0.7039850796614915 5.19651823633543850 0 0 13
89 -0.4325570198549862 -0.6272208763115006 3.79030241105103550 0 0 13
90 -0.591985426001376 -0.6072886705237265 3.80497756758962820 0 0 13
91 -0.2943658153173833 -0.6181729877354358 4.7717056749720060 0 0 13
92 -1.1156254538517019 -0.5446683041078993 4.2984742596168310 0 0 13
93 -0.5573810910258565 -0.5914936522658929 4.3059562885706910 0 0 13
94 -1.1525651488376911 -0.5366541774176239 4.2782757707404740 0 0 13
95 -0.4713881870783005 -0.5961062124713186 3.73662973561287130 0 0 13
96 -1.0676757278187137 -0.5422190699628995 4.3744261942670660 0 0 13
97 -0.6072343977667114 -0.5836448036952901 3.82123855602482680 0 0 13
98 -0.4481343239370348 -0.5937612651921221 3.7998466936544780 0 0 13
99 -0.1769182127028502 -0.6155649369198845 5.37500837589402550 0 0 13
100 0.3420727581381979 -0.6483299654687559 5.1408988539364280 0 0 13
101 -1.046736673665964 -0.5303288186530047 4.3795096677235980 0 0 13
102 0.11687932183719986 -0.6346285729799871 5.1903709862365780 0 0 13
103 0.37529888738285677 -0.6431666603352522 5.2097044246141170 0 0 13
104 -0.9108919467886792 -0.5295285988728057 4.35567663040182750 0 0 13
105 0.12088815958019719 -0.6177780248663363 5.1823064428115780 0 0 13
106 0.2923355237333341 -0.6339279100372155 5.1854081073269320 0 0 13
107 -0.35167659157018477 -0.574250086402565 4.4031154744709540 0 0 13
108 -1.1291651114702186 -0.4998084066283986 4.2835056031330890 0 0 13
109 -1.1033609962311623 -0.5009848422573699 4.2982265952285870 0 0 13
110 -0.5353470471062344 -0.5570619898239133 3.75640137180614130 0 0 13
111 -0.46184206435115827 -0.5635120446518931 3.76491406194935860 0 0 13
112 -1.052202519040013 -0.5010224279950348 4.3384690612324280 0 0 13
113 0.3280479027073621 -0.6174744115319885 5.146680507563210 0 0 13
114 0.366895413599133 -0.6226690171571887 5.1485096870331570 0 0 13
115 0.40625016228149785 -0.623313590509846 5.2475067291850950 0 0 13
116 -1.2168536310416196 -0.4803967223394659 4.3533011711539470 0 0 13
117 -1.0384115396881113 -0.49768247896988177 4.38181917234472350 0 0 13
118 -0.4747737155952521 -0.5534570598071779 3.72069523351921650 0 0 13
119 0.2548270803618021 -0.6078299591316461 5.2090195819417340 0 0 13
120 -0.5095727240356666 -0.5364139668152332 4.6742642839441510 0 0 13
121 -0.26551770602432273 -0.5518909112441431 4.7986252609262930 0 0 13
122 -0.35561144504028047 -0.5415101480813383 4.3834435125334050 0 0 13
123 -0.2367499181116253 -0.5424620653071194 5.24829228863893250 0 0 13
124 -0.30715258172623144 -0.5414386347544727 4.4028132031863290 0 0 13
125 0.1283989487283065 -0.5690438748796168 5.1708870193002090 0 0 13
126 -0.9444632468587917 -0.47751495263372296 4.36263496283044550 0 0 13
127 -0.8548989503726143 -0.4840467882864496 4.3043727866445910 0 0 13
128 -1.2156550541864337 -0.44577117326447113 4.3588388900147350 0 0 13
129 -1.1243405512014175 -0.4559050421509205 4.2553874316396770 0 0 13
130 -1.0332273507855447 -0.4606315629361863 4.3582992164219750 0 0 13
131 -0.42054085705012073 -0.5202364051794697 3.83324502477886850 0 0 13
132 -0.3198562763987661 -0.5230830924412251 4.5833389001760230 0 0 13
133 -0.2901819338940436 -0.5226777135634075 4.6033165644975310 0 0 13
134 -0.263677398583213 -0.520707966776435 4.6957934567161450 0 0 13
135 0.12970006832216 -0.5486355646040719 5.1813891025847470 0 0 13
136 -0.5108429536499681 -0.49427212871475085 4.6672870133421640 0 0 13
137 -0.44939787233902995 -0.5116628494190318 3.72026838574039730 0 0 13
138 0.24483317757701886 -0.5513849407095537 5.209566052197870 0 0 13
139 0.42904731779874306 -0.5688858574189397 5.2195833220029240 0 0 13
140 -0.12391498991738063 -0.5106310508673998 5.067491350169190 0 0 13
141 -1.0804933547697295 -0.4248015734554757 4.3164646158679560 0 0 13
142 -0.5468273975519741 -0.4722649314890559 4.432332314821840 0 0 13
143 -0.3026500828557824 -0.4982690125132957 4.3960624172913860 0 0 13
144 -1.141492951216412 -0.4147803785993467 4.2930992553029830 0 0 13
145 -0.9288094396263901 -0.42929956478998144 4.3445454868705580 0 0 13
146 -0.2707292526871638 -0.4879560803682445 4.6180970560044950 0 0 13
147 -0.08743862577061287 -0.5010565826654421 4.8349456453145920 0 0 13
148 0.10713911251227666 -0.5079757643109529 5.15938991012876350 0 0 13
149 0.16370758876965344 -0.513472930302552 5.1729692623140220 0 0 13
150 0.3788760966774169 -0.5286128617309535 5.132400699958340 0 0 13
151 -1.0947344973125017 -0.4121867912468948 4.2762173151338410 0 0 13
152 -1.0337636104302221 -0.4150045570080902 4.3216032182286750 0 0 13
153 -0.3500479255054356 -0.4618552021873381 4.333292239540160 0 0 13
154 -0.5130469902239245 -0.462649309352014 3.71753333834684430 0 0 13
155 -0.45986226667299046 -0.4669893602400483 3.76193494963311360 0 0 13
156 -0.46532922262084736 -0.4599539470399024 4.0293227546747140 0 0 13
157 -0.937977367104905 -0.4010336762221655 4.3401501777334870 0 0 13
158 -0.4221941451085143 -0.464917429088259 3.76149071439591380 0 0 13
159 -0.48594931056924834 -0.44206645797079314 4.3416218917180180 0 0 13
160 -0.4949198604122351 -0.4194129819292407 4.5171548416792270 0 0 13
161 -0.2666712671779563 -0.4474383926074325 4.28074138287495650 0 0 13
162 0.11573923678734269 -0.4562814525014043 5.1637126344126840 0 0 13
163 0.3251154149065254 -0.47515398487830424 5.1295735164671770 0 0 13
164 -0.49939693415143105 -0.41298194297052704 4.3723997622486050 0 0 13
165 -0.43112876777202963 -0.41307958904241804 4.45430709537936750 0 0 13
166 -0.4374977578824263 -0.43267085926797977 3.8961297703217110 0 0 13
167 -0.8659250012515273 -0.3756659864321509 4.096037069652860 0 0 13
168 -0.5041922000516738 -0.4240709988011899 3.7033701521421090 0 0 13
169 -0.4425971820079414 -0.4287145742813765 3.70027260342879540 0 0 13
170 0.10990564220472722 -0.4316756529184261 5.1447679943140590 0 0 13
171 -0.40259008453299766 -0.42594572982321627 3.8049631641540330 0 0 13
172 -0.46170592289196005 -0.41150237399351003 4.102514940847560 0 0 13
173 0.1806838446320464 -0.4358852755397946 5.1721278759797680 0 0 13
174 -1.0721454817852893 -0.33759484296798165 4.3044610244847570 0 0 13
175 -0.5930674992565871 -0.4031903150447506 3.8222556227647950 0 0 13
176 -0.41356982809216214 -0.4263563209633702 3.74597222434530460 0 0 13
177 -0.03539180520153244 -0.4249354111496529 4.7713943622074110 0 0 13
178 -0.01584851351110917 -0.41424189514174437 5.0848283320317540 0 0 13
179 -0.29094075533006203 -0.41454168990890855 4.2632673107854950 0 0 13
180 -0.23402576587269996 -0.41735169606368433 4.2927522112061640 0 0 13
181 -0.45189922883593026 -0.3907182891749965 4.3117613399315290 0 0 13
182 -0.20617715996831062 -0.41257868596973946 4.3469294070842330 0 0 13
183 -1.119340639174208 -0.31948684482175516 4.2610224421945360 0 0 13
184 -0.23355730009961928 -0.3905436324429104 4.576420776058780 0 0 13
185 0.19786843895206224 -0.41001944350917674 5.06156118586863450 0 0 13
186 -0.8321036228687022 -0.34559711884114863 4.01785740922340 0 0 13
187 -0.037325124580646456 -0.40041269759760245 4.6743148812067830 0 0 13
188 0.08558097738052556 -0.3928843107209808 5.1006137994830780 0 0 13
189 0.22912188628896762 -0.4078633805304496 5.1325357582507950 0 0 13
190 -0.41565220523782254 -0.39534823723498674 3.74548939293961820 0 0 13
191 -0.382739232577684 -0.3753760456454 4.2941930077508840 0 0 13
192 -0.24240528380983223 -0.38644592441629944 4.258110036395140 0 0 13
193 -0.07607972868706192 -0.3940196587626105 4.5434553394207740 0 0 13
194 -1.1756170903906038 -0.293860553258556 4.2938076013343290 0 0 13
195 -0.24063803561984676 -0.375147616710907 4.5371091701962030 0 0 13
196 -0.5211673100972811 -0.37633304547198965 3.74061311100098240 0 0 13
197 -0.21687684081124858 -0.379241424342833 4.37493647237194950 0 0 13
198 0.004876847399304418 -0.3794344034288259 4.6671022157855480 0 0 13
199 -0.3890752308115154 -0.3794570895231375 3.78048761069950330 0 0 13
200 -0.09835922006289566 -0.3755478474058234 4.4847656484783430 0 0 13
201 0.17305484405548083 -0.3837141919106 5.048529401249660 0 0 13
202 0.04135604766057122 -0.3611224306109642 5.0559645608285890 0 0 13
203 0.06673250788327292 -0.35996901019636884 5.091324433800190 0 0 13
204 0.2579192803966222 -0.37775762715215944 5.13829418322087150 0 0 13
205 0.34076173365599105 -0.39024612552764026 5.0997352661543590 0 0 13
206 0.4047125073665712 -0.3935135621956562 5.1853944994177120 0 0 13
207 -0.6106803716747874 -0.34747526249753263 3.835809785721480 0 0 13
208 -0.7361594482408053 -0.3297843374801634 3.9229716274945240 0 0 13
209 -0.8205678265646013 -0.31342975101897486 3.99228300569902350 0 0 13
210 -0.41662735433669407 -0.36081864489991516 3.7100877684920490 0 0 13
211 -0.4025609841179968 -0.3520023593252766 3.99241350632521240 0 0 13
212 -0.31510797838112486 -0.3487948633779997 4.2016425023606630 0 0 13
213 -0.5222848723427427 -0.3477883664135033 3.7181870223609510 0 0 13
214 -0.4303236325516312 -0.35791059592210955 3.68233074523651370 0 0 13
215 -0.24346398433873134 -0.34997863465634776 4.2571250568214680 0 0 13
216 -0.15265419554416274 -0.3453505684748005 4.35038032120344550 0 0 13
217 0.27454951344662126 -0.3481413715201442 5.1812028217166060 0 0 13
218 0.3351416745900103 -0.35668939091778495 5.1564385948420720 0 0 13
219 0.4552608938696 -0.36499058439140253 5.2062471336640590 0 0 13
220 0.04137787881992381 -0.34021715911139405 4.7777880309352650 0 0 13
221 0.21835680903406282 -0.3467585053129404 5.0506753081159680 0 0 13
222 -0.6896608128081146 -0.3078996520111289 3.9014968746535220 0 0 13
223 -0.3664977411113524 -0.33614684091487074 3.95489697132323630 0 0 13
224 -0.3056224324140492 -0.33477391431496645 4.1122167219451660 0 0 13
225 -0.2854959805334902 -0.3328074404794816 4.1683777112546170 0 0 13
226 -0.0389565664378672 -0.33480780381619535 4.5689498694406980 0 0 13
227 -0.8679026474265674 -0.30154370439803363 3.5680669706764350 0 0 13
228 -0.17756330685353713 -0.3420305081930569 4.1396127135655330 0 0 13
229 -0.009152729416061182 -0.3353493081004424 4.5739248274063540 0 0 13
230 0.015564104200373133 -0.33371963714381836 4.6436110460319480 0 0 13
231 -0.4146203948600454 -0.3390561135570071 3.7074773001335270 0 0 13
232 -0.1768768235612248 -0.3272114085622605 4.3359368347509790 0 0 13
233 -0.08084426379871502 -0.3299218547925892 4.4463533908455780 0 0 13
234 -0.06470179317199307 -0.33055293123475704 4.5158454503538060 0 0 13
235 0.16430568031250464 -0.32706530347447377 4.97727098001543760 0 0 13
236 -0.567535618764061 -0.3128410061746395 3.75711102242252260 0 0 13
237 -0.5244937621785953 -0.32300964953626776 3.7259759707906550 0 0 13
238 0.26429872171531726 -0.3152745316480056 5.1009238149146740 0 0 13
239 -0.32235447485696883 -0.31789603053733373 3.9635884606723010 0 0 13
240 0.2295970846503301 -0.31436651493691686 5.0313646351963490 0 0 13
241 0.30426376255579624 -0.3171574568451488 5.0648208155652030 0 0 13
242 0.4178630657506605 -0.32567227573754054 5.12448595816975150 0 0 13
243 -0.8093806826849839 -0.28913577361099385 3.5269242174390540 0 0 13
244 0.07341820267150426 -0.3087865079275976 4.7589978308698410 0 0 13
245 -0.8260156216321571 -0.2882266423151422 3.47858391815300030 0 0 13
246 -0.28326947714771755 -0.3147829688901935 3.96501573615085820 0 0 13
247 0.4660198536819631 -0.319306994262867 5.2231660504950590 0 0 13
248 -0.19988813776806685 -0.3123911690134427 4.1064207733616770 0 0 13
249 -0.030099467066637953 -0.30587104484736694 4.4956898693846210 0 0 13
250 0.0007182414113312662 -0.3061924854393801 4.533185065837840 0 0 13
251 -0.2985154703178065 -0.30067131278138065 4.1308269541509160 0 0 13
252 0.18134618356308538 -0.3002635787034138 4.9387070790864050 0 0 13
253 -0.1761578841755884 -0.30194523029762405 4.1634867145645010 0 0 13
254 -0.15787459409370097 -0.29413553334970227 4.2792429137934440 0 0 13
255 -0.08383005989613149 -0.30258237506132013 4.2692681144889880 0 0 13
256 -0.05632025084003444 -0.30123598207128277 4.2946068905426420 0 0 13
257 0.045743686091655036 -0.2926644614251338 4.5241220368614750 0 0 13
258 0.4009395281049123 -0.2896882743027812 5.0094337608678280 0 0 13
259 -0.3625466398208098 -0.30584805971380846 3.54222337467315860 0 0 13
260 -0.009663412425765228 -0.28045223315361884 4.5092067991691850 0 0 13
261 0.083023420184026 -0.2864506851551808 4.5504319005382830 0 0 13
262 0.10228285019150603 -0.2802488088645241 4.6645003067839770 0 0 13
263 0.1583201897446492 -0.28662372912222306 4.69561575632809450 0 0 13
264 -0.8250446249459852 -0.22314690672850046 4.01010102149132750 0 0 13
265 -0.3733516415287177 -0.28492987816351273 3.752700601216910 0 0 13
266 -0.3842502960914138 -0.267912358282575 3.975949365496140 0 0 13
267 0.18955678518856686 -0.27943428360629047 4.7252971991092250 0 0 13
268 0.42065654071042063 -0.2799969176191406 5.1087116785226560 0 0 13
269 -0.27821188726057766 -0.2643086467491457 4.15370614530809950 0 0 13
270 0.2135895046291674 -0.27339863696265115 4.8303467270122030 0 0 13
271 0.35022657900286724 -0.2699658936255825 5.079231063699450 0 0 13
272 -0.9331347131751271 -0.23610289491335235 3.48089331394206840 0 0 13
273 0.3249798174787744 -0.2828605908958575 4.8126981311118380 0 0 13
274 -0.8939873816579987 -0.24874927201721492 3.3398013291027570 0 0 13
275 -0.8532453587243456 -0.24871638900348547 3.38647315813773630 0 0 13
276 -0.5857186699658278 -0.2516375191581491 3.7995131307356860 0 0 13
277 -0.2739623369653017 -0.26315084806130556 4.0220479544425240 0 0 13
278 -0.1519520155638688 -0.2590555636614499 4.2749562007141260 0 0 13
279 -0.7502351079001374 -0.24321808071472656 3.53550728513128250 0 0 13
280 -0.8521480530764498 -0.22313346656290795 3.61930533906668160 0 0 13
281 -0.7582999039238175 -0.2327993001423448 3.6244474114699960 0 0 13
282 -0.16105492729487558 -0.2614941320357247 4.1242667799235440 0 0 13
283 -0.2549983424496574 -0.2507711985669605 4.0517535595812930 0 0 13
284 0.016777235899163096 -0.24285662306219252 4.509929857946160 0 0 13
285 0.10627522605304644 -0.2423480285049159 4.6690816700293050 0 0 13
286 -0.14507302242668046 -0.248735563531715 4.1877892976726350 0 0 13
287 -0.0062652835126256025 -0.24522104598702144 4.4411041066201740 0 0 13
288 -0.29946988326377866 -0.24758560620948547 3.90809271288073350 0 0 13
289 0.2113701683250054 -0.2337043226857018 4.84939744458827350 0 0 13
290 0.08967479972822513 -0.23900035612315992 4.5486897767022530 0 0 13
291 -0.18533706381228965 -0.24336248677443598 4.0703252188752480 0 0 13
292 0.3003268219555188 -0.23163270988777182 4.933345294921950 0 0 13
293 0.06701605150456576 -0.22476105653424674 4.4752657489571950 0 0 13
294 -0.8925244877200896 -0.20273254654299658 3.3372124165844540 0 0 13
295 -0.850358507421431 -0.20195116545498817 3.3807538668635080 0 0 13
296 -0.7224872281435276 -0.20192896560157964 3.5646514877218220 0 0 13
297 0.18489460966677718 -0.2199513069165792 4.6405749231498740 0 0 13
298 0.27575754686893356 -0.2085727420353387 4.8746872393499160 0 0 13
299 0.1402725075657081 -0.21731600768611994 4.56457870930573950 0 0 13
300 0.39675733086128956 -0.21337083463152517 4.9226789797723270 0 0 13
301 -0.19516744356243004 -0.2514584492662633 3.6158924375666190 0 0 13
302 0.3005166908077425 -0.2042012013541767 4.873646370118540 0 0 13
303 0.4244356880219421 -0.21214696179091175 4.9203316625505580 0 0 13
304 0.07647186075952718 -0.2050263672185782 4.4444795849501820 0 0 13
305 0.07492325787682268 -0.24497858767174802 3.8802766102506850 0 0 13
306 0.07675153559006229 -0.19107520042793513 4.447209097950750 0 0 13
307 0.5106912023426992 -0.15998553691198103 5.335738851120930 0 0 13
308 0.33485131753633113 -0.17032402647118522 4.9150812004386560 0 0 13
309 0.30874036172402103 -0.19387125808799113 4.47940439089952050 0 0 13
310 -0.7168035482057732 -0.12926449238398904 3.48971976305784450 0 0 13
311 -0.26828272352030624 -0.22461632472870935 3.02469188217287770 0 0 13
312 -0.06589517464625873 -0.19038105745758443 3.59928034957171760 0 0 13
313 0.49276588484092326 -0.20552223091731875 3.9688795926288750 0 0 13
314 -0.705749494656223 -0.10562129790246899 3.45842031710424760 0 0 13
315 -0.27143721972527735 -0.18838450453572633 3.03235906505936730 0 0 13
316 -0.10151984577813214 -0.15931011094185132 3.5220317186098980 0 0 13
317 -0.25059859531404444 -0.18488692719145391 3.05558665663189230 0 0 13
318 0.5920124124689975 -0.1663020695540851 4.0783346020874540 0 0 13
319 -0.031284497084597546 -0.20626818342331635 2.9217872593656340 0 0 13
320 -0.47248542631168916 -0.14091254214823262 3.02545997473890530 0 0 13
321 0.1356583300434499 -0.18516613722931233 3.2448892053595130 0 0 13
322 -0.27831090415994264 -0.161011779769793 2.99260609585141250 0 0 13
323 -0.15416495433873795 -0.15752343400729615 3.01896603373480370 0 0 13
324 0.27685245232608996 -0.17010708029404153 3.33371892118942450 0 0 13
325 -0.023199018865353322 -0.1732648321042755 2.9639280060831840 0 0 13
326 -0.004040253831322604 -0.16741219642837366 3.02129422543351240 0 0 13
327 0.07168527493618815 -0.18109622744158044 2.99124962084122540 0 0 13
328 0.12581178364782766 -0.16873284968270028 3.1634272366840070 0 0 13
329 -0.2490726727698295 -0.15966094572723252 2.81826034176941140 0 0 13
330 -0.12714708001215075 -0.13335158386798995 2.9697793139953460 0 0 13
331 -0.16350531996741702 -0.1304185475862236 2.93891774557221370 0 0 13
332 -0.022635103659089075 -0.14098601522207743 3.0111957913593770 0 0 13
333 0.2671612271720164 -0.1315335550427115 3.29615127118515170 0 0 13
334 -0.0017086926518130874 -0.12571604644554787 2.97858382660721240 0 0 13
335 0.11068017878816977 -0.125369484174122 2.8695047037854380 0 0 13
336 0.15438222718727904 -0.12724925608414223 2.86712446968921640 0 0 13
