1 2.100811853889768 -2.9430158562946414 4.838468234449774 1.0
2 0.3196701996548897 -2.836686573739549 3.8063316308301625 1.0
3 1.058845212158577 -2.8053636005290765 4.238018155399082 1.0
4 0.5914718747523331 -2.8045744559435604 4.040931521082772 1.0
5 2.057792384656268 -2.7810300631940503 4.913732657588184 1.0
6 0.31697808049748083 -2.7625502331637772 3.80853946626516 1.0
7 0.3059656120257595 -2.7178175745720328 3.8243138695573413 1.0
8 2.0496608376323886 -2.7255305950727546 4.926134335724577 1.0
9 0.28914862226324894 -2.680188098106206 3.857213449530504 1.0
10 2.029966401090269 -2.575874426651552 4.942869031113874 1.0
11 0.25533555453583423 -2.5382382303184774 3.930206423835828 1.0
12 2.0187334937592047 -2.532112492329337 4.963605860443579 1.0
13 0.24125480421837606 -2.476899990796835 3.941467057390146 1.0
14 2.0100136962763826 -2.44355602820778 4.975511652342656 1.0
15 0.21615189195152956 -2.437173224215778 3.9711498458011856 1.0
16 0.22189730590298495 -2.3737201073974883 3.9607288669344016 1.0
17 1.9856511890916235 -2.370923762428246 5.026427457913126 1.0
18 0.21432581422799077 -2.314516160960122 3.9709137508804155 1.0
19 1.9790560452823278 -2.3210355168828714 5.047933411413632 1.0
20 0.19973501351895828 -2.2551485332041348 3.991844974046208 1.0
21 0.17531509690784794 -2.192362356819788 4.027866374507958 1.0
22 1.95724747415438 -2.202738695076394 5.083723731755334 1.0
23 -0.7550065061422255 -2.134987647115103 3.411591213610441 1.0
24 -0.7206953811362015 -2.1365108124963057 3.4552408513117747 1.0
25 -0.46201618783705517 -2.124230696086522 3.6195532712607137 1.0
26 -0.41528262685080636 -2.1338853841408953 3.7008619042542374 1.0
27 -0.29314660688335803 -2.105041933141489 3.720611073301224 1.0
28 -0.26178939855508715 -2.112556389672538 3.8015977089386315 1.0
29 0.15876529802735348 -2.0924888372681947 4.0408798142841365 1.0
30 1.9403556962049129 -2.0641902019340885 5.105506539962049 1.0
31 0.14689825162232725 -2.0436541074436962 4.057955190281382 1.0
32 0.1269469989015243 -1.9849342711724016 4.087036244988775 1.0
33 1.9314832848829153 -1.9364348456038163 5.1020201198260535 1.0
34 1.919274914997819 -1.889129382480902 5.124185081064118 1.0
35 0.10762751999175076 -1.8830514166674817 4.114384415375709 1.0
36 0.09533236298961792 -1.8329384588484876 4.131957959094273 1.0
37 1.9051876402347856 -1.8088063257622458 5.152585276148944 1.0
38 -0.7244542128859923 -1.7707613722715718 3.626143594998151 1.0
39 -0.29940075269936034 -1.7676876292333918 3.842612432421825 1.0
40 0.0753069608994544 -1.769804959572944 4.1514224120248056 1.0
41 -1.566954416697023 -1.7213277207723097 3.0310231522508624 1.0
42 1.8942962509713082 -1.7557448326544298 5.154387442888182 1.0
43 -1.5571255919024198 -1.661975313919424 3.014476605999947 1.0
44 0.05063088279357036 -1.6979193107552892 4.196423334556069 1.0
45 0.04530505385549514 -1.6404753384319963 4.212990490451234 1.0
46 0.022656272671085515 -1.5703029817678342 4.227189836135784 1.0
47 1.849959131972748 -1.577955445379755 5.231157508507517 1.0
48 0.014703457357803486 -1.4952164503612233 4.254810042219159 1.0
49 0.0018718237426595583 -1.4425868764657446 4.273212334165222 1.0
50 1.8177173187539357 -1.4371846979639922 5.2857296223545625 1.0
51 -1.6773619419988106 -1.3774308743402932 3.136846221409654 1.0
52 -0.011042650590292838 -1.3896174647231345 4.291727290413093 1.0
53 1.8034348977645163 -1.336328462846271 5.2975470255972645 1.0
54 -1.4483827168938002 -1.2462089032221908 3.357214846844043 1.0
55 -0.029097790455794505 -1.2325728712498853 4.324107432958925 1.0
56 1.7908303286298368 -1.2111188715432615 5.321908163696089 1.0
57 -0.036282753477959895 -1.1667947159373087 4.333666175198035 1.0
58 1.7654396309843636 -1.159506751409374 5.369356634339868 1.0
59 -0.05570777380028886 -1.1045270312552842 4.361868545098461 1.0
60 1.7585443098381301 -1.1058951117443683 5.389629835065513 1.0
61 -3.004725608248967 -1.053909510574975 2.2629537680381016 1.0
62 -3.003242461441811 -1.0475502023520327 2.3158149069867084 1.0
63 -2.560891010273318 -1.033289759317214 2.631240001445694 1.0
64 -1.7353615593670637 -1.0147823363811879 3.02362164612026 1.0
65 1.7265776571545755 -0.9963274959168376 5.42078940341427 1.0
66 -0.07227047934279107 -0.9858199396564752 4.375525304897732 1.0
67 -0.8896289926228276 -0.9259365354497455 3.742723330287635 1.0
68 -0.09036518809554206 -0.9303569722861617 4.391867479939696 1.0
69 -0.10381317502073936 -0.8745715686182262 4.411044547409478 1.0
70 1.7169404663486938 -0.8774746036264124 5.433978759505629 1.0
71 1.120146865410571 -0.8599814634074289 5.036166981765906 1.0
72 -1.6400821398697436 -0.8154419477580643 2.9413287690044845 1.0
73 -0.11718797834247796 -0.7715207370969549 4.457172995377132 1.0
74 -1.7608996635060454 -0.7390825196324426 3.2536870218811416 1.0
75 -0.27451947841433133 -0.7207364919562733 4.326452689482802 1.0
76 -0.12522580045703924 -0.7069825862651543 4.448888686842444 1.0
77 -0.14215468995040148 -0.6364229189123811 4.485099113436555 1.0
78 -1.776403923684527 -0.6030413428695384 3.2759591803401378 1.0
79 1.6683055712191805 -0.6173437069793252 5.503871686591946 1.0
80 -1.6767474468923536 -0.5763829690215241 2.9247079591795693 1.0
81 -0.1600413782741567 -0.5433159100157953 4.488260066125709 1.0
82 1.6607779547805999 -0.5608559446110044 5.525164647089578 1.0
83 1.6531591833853827 -0.5040296254465103 5.5466283043675055 1.0
84 -0.2873153999735202 -0.4727071453819496 4.373427904379676 1.0
85 -1.7265993936929873 -0.4303598492457974 3.2260787153380726 1.0
86 1.6278714250448405 -0.4485272460964628 5.591559127956449 1.0
87 -0.1680483898376426 -0.41002636723426045 4.506700917503674 1.0
88 -0.1664433375122767 -0.3502827782986743 4.51140760949976 1.0
89 -1.678515816925337 -0.2932452706491148 3.458923601449848 1.0
90 -1.8319004159948253 -0.20490366412091265 3.3714042714838777 1.0
91 -0.838187158851309 -0.17791695528505053 3.958179451238093 1.0
92 -0.5862924502386898 -0.1687799272769503 4.10593852578974 1.0
93 -0.7074859629566381 -0.16587714277822996 4.0487715236896715 1.0
94 -0.478611410474293 -0.16251916980328512 4.180796183789152 1.0
95 -0.37506926900097953 -0.16143258561791857 4.277721945174854 1.0
96 -0.24893962521837035 -0.15960866784840816 4.336157639770387 1.0
97 -0.1888087034130968 -0.15912437489567124 4.374212279954409 1.0
98 -0.13543628382877432 -0.1583556966394317 4.404402733183535 1.0
99 0.009054600678436062 -0.16622851773419595 4.470057724316084 1.0
100 1.5766784594139962 -0.10219609297422781 5.608287502718265 1.0
101 1.5619404366099612 -0.015949981313786422 5.670672474524668 1.0
102 -0.7211901636235851 -0.019180720789187 4.062644786614882 1.0
103 -0.6078357974861512 -0.017288153393152185 4.1294072441907375 1.0
104 1.1488379551858345 -0.004696097398989354 5.465724599135132 1.0
105 -0.8493422732079411 -0.01672829400388571 3.9672167250596653 1.0
106 -0.4839763439131984 -0.010561679010932062 4.191154983609471 1.0
107 -0.3609517407800506 -0.008919083492240295 4.253720947173795 1.0
108 -0.257729133362225 -0.007491397842713831 4.345073945365988 1.0
109 -0.14395503703222495 -0.006226626462830643 4.41329734489427 1.0
110 -0.005965750891276513 -0.004781951881676062 4.489311043614635 1.0
111 0.9675007081124013 0.020498474949149963 5.2575091249632235 1.0
112 1.5464929434846928 0.0442257692063757 5.697403859927916 1.0
113 -0.8471261509218195 0.05174363045498456 3.945227991410545 1.0
114 -0.8540699268295242 0.1252473128359652 3.968740106749308 1.0
115 -0.7187710247041447 0.11786015853209066 4.04868644196413 1.0
116 -0.6137260168175563 0.12022205606175773 4.13378890670336 1.0
117 -0.1960641226231178 0.12084946121573295 4.36708817002102 1.0
118 -0.778943945333687 0.12158600526340156 4.012586116186208 1.0
119 -0.6594749055598362 0.12393362851328656 4.08642632595101 1.0
120 -0.48559907973482347 0.1267938727481202 4.199164268521926 1.0
121 -0.43734873067442653 0.12768796285801062 4.234653955296808 1.0
122 -0.37399665133475857 0.12873504229115698 4.276943642857218 1.0
123 -0.26305989578205224 0.13022456406616648 4.349248881505022 1.0
124 -0.1409796985962818 0.1316785316826582 4.422402040367297 1.0
125 -0.010974720307788973 0.13279495637162853 4.493358480104927 1.0
126 1.526719548506409 0.18215830820207662 5.738746539445745 1.0
127 0.1454291161715813 0.16925036818633415 4.824291913932322 1.0
128 0.21695280016049204 0.1688826233650043 4.832923948908181 1.0
129 -0.7173987862893695 0.18627477849011678 4.045342567621991 1.0
130 -0.8570315065754347 0.18864961880257872 3.9634803565910084 1.0
131 -0.05745218524374226 0.22081916477513805 4.606493542940305 1.0
132 -0.8632125989120891 0.2584380843865054 3.99179624407514 1.0
133 -0.7367021425596896 0.2558939012248012 4.06703307463907 1.0
134 -0.6196149755220298 0.2579558451031506 4.13818017884872 1.0
135 -0.49925080414698275 0.2596604678787698 4.205148713273907 1.0
136 -0.383420594370757 0.2618309394111255 4.286736857641183 1.0
137 -0.272281390436076 0.26342698932250985 4.3590910363204465 1.0
138 1.5183277088037443 0.29115160760698167 5.751985854633995 1.0
139 -0.14872056226674404 0.2747875473545584 4.431274358821228 1.0
140 -0.018045135433714436 0.2663642876712041 4.51113026057048 1.0
141 1.5096972864358886 0.35279916701302305 5.775174569191831 1.0
142 -0.014808429510610488 0.3443884534923981 4.493232654740422 1.0
143 -0.8767624120492719 0.3915150725040492 3.996765340206124 1.0
144 -0.7468473179912458 0.3891906030115755 4.07676168160857 1.0
145 -0.6255094002590532 0.39591333142404184 4.1425854619866795 1.0
146 -0.5128962835029688 0.3987995839862762 4.228343613766883 1.0
147 -0.38907006677709344 0.39997718953662237 4.291123594752655 1.0
148 -0.275386364139685 0.401692864103347 4.362192388985978 1.0
149 -0.1578680856177144 0.403257397400865 4.432665513479941 1.0
150 -0.030645257389575978 0.41000703604280253 4.51770999782571 1.0
151 -0.9650604549409398 0.4918426886870253 4.065567476891902 1.0
152 -0.03904360126900869 0.4706215950473411 4.539826101464598 1.0
153 1.4734761698838041 0.5243686415022387 5.824363537914829 1.0
154 -0.8830570519090519 0.529638521104502 4.0013004420686356 1.0
155 -0.7421458817087057 0.5316780373755114 4.074042089942642 1.0
156 -0.6355696192967721 0.5296530500919157 4.1525261983543515 1.0
157 -0.5228004670107892 0.5328811013861507 4.238393053898094 1.0
158 -0.4013639685143603 0.5392537806406987 4.305871438808766 1.0
159 -0.2655834526671027 0.5387015601733204 4.352519855075895 1.0
160 -0.16322177252444905 0.5416533569565373 4.436980018313713 1.0
161 -0.0396631767814424 0.5440767473207073 4.527907000189609 1.0
162 -0.9112090790429326 0.5963777810287499 4.026563766308185 1.0
163 -0.508465721402288 0.6049089255196649 4.218219810229395 1.0
164 -0.03040713937351048 0.6117692631070722 4.512278901838305 1.0
165 -0.8785501787080761 0.6720963711703928 3.998972044526899 1.0
166 -0.7512982049231658 0.6662473556622828 4.091251056804869 1.0
167 -0.6337604506091511 0.6685122548884287 4.162462091726753 1.0
168 -0.5287080710914174 0.6717750759480984 4.242926149502236 1.0
169 -0.40627072210101456 0.672442184090041 4.3010754813954835 1.0
170 -0.29361578901157254 0.6807482658013146 4.390109664683745 1.0
171 -0.17561120072740147 0.6822821983210335 4.460755776301311 1.0
172 -0.042436061316652104 0.6829808211223831 4.530858355929066 1.0
173 1.4683321461981695 0.7339303744041135 5.816163222831483 1.0
174 -0.6435196916742046 0.7333379436386449 4.167021015962126 1.0
175 -0.8932811983276058 0.7374181745563568 4.006874940452537 1.0
176 -0.4065556773572652 0.7420699222798126 4.306659405511934 1.0
177 1.4402428144823662 0.8219975695712511 5.903672422432682 1.0
178 -0.7617718756447522 0.8008125537888903 4.1014025758236645 1.0
179 0.40206012416358894 0.867811561841592 5.126252952719922 1.0
180 0.7498806788500805 0.8874919956880754 5.477623327716334 1.0
181 -0.8879917131737891 0.807004723950269 4.015978415345881 1.0
182 -0.6398032263633671 0.8073104552596808 4.167037486616724 1.0
183 -0.518928371193209 0.8087997303976724 4.234079560157468 1.0
184 -0.4196053845022759 0.8137271822212087 4.3246112040616 1.0
185 -0.3079655353893007 0.815833910573492 4.397500054505926 1.0
186 -0.18004137910871534 0.8116163656773947 4.46505629271139 1.0
187 -0.05600276189450095 0.8145385622182242 4.556185207653379 1.0
188 0.0524084874793686 0.8809309282130895 4.913742604309238 1.0
189 0.3425519985348488 0.8679869373749995 5.092217715569841 1.0
190 0.4711713824431907 0.8889289839203298 5.225898159074504 1.0
191 -1.5395101453909548 0.8730875218403371 3.6623458800871154 1.0
192 -1.4649159574949988 0.8678494491076394 3.6832684339477573 1.0
193 -1.4655549109492843 0.900035537622393 3.8277479750138697 1.0
194 -1.1183522008246016 0.8728215347213147 3.896574600596517 1.0
195 -1.028014509548161 0.8699391784696597 3.903872552610948 1.0
196 -0.9142381898306482 0.8878636209977944 4.022716870294312 1.0
197 -0.9165015303366411 0.9542965110850444 4.038816685602546 1.0
198 -0.7776404806657232 0.9615777905384244 4.11655154343394 1.0
199 -0.7292951004433703 0.9636717042436432 4.154403320722153 1.0
200 -0.6541042859868833 0.9579536116884982 4.182123049843284 1.0
201 -0.5845477704202219 0.957381740200715 4.208949388728172 1.0
202 -0.5312517757227082 0.9690444482070643 4.248060122377109 1.0
203 -0.4215503764505447 0.9660573677580435 4.315023385361872 1.0
204 -0.31733831031249654 0.9711118345954841 4.406951493272599 1.0
205 -0.25883456099273794 0.9717876918983902 4.441120230827544 1.0
206 -0.19722607925140534 0.9664633000142248 4.469363877821296 1.0
207 -0.13252746458417944 0.9768047383565778 4.502469097349721 1.0
208 -0.0655786421316093 0.9855366650402078 4.569181910412583 1.0
209 -1.0027951777003288 1.057382152438368 3.6210888374767287 1.0
210 -1.30575819445262 1.0526648322241643 3.341065248006375 1.0
211 -2.0281868447993054 1.075912927137394 2.800675416405584 1.0
212 -2.006003307619033 1.0826199081304937 2.849842485584772 1.0
213 -1.7158776841883794 1.0824032728286557 2.9990205054199826 1.0
214 -0.6026307412957628 1.0943695895858092 3.7300624114625047 1.0
215 -1.446720705085413 1.0879585228660298 3.134419606653226 1.0
216 -1.4009199462142026 1.0925403482526233 3.1769945281604044 1.0
217 -3.090088851042842 1.149472793869781 1.9030995853192934 1.0
218 -0.38408127059568714 1.1717407366715016 3.6532619840038034 1.0
219 -1.4440108937512766 1.1991671516667974 3.044579112068561 1.0
220 -0.9596694600340452 1.1782534833852243 3.299333800266783 1.0
221 -1.2731127493937884 1.183048202405176 3.0437756553221607 1.0
222 -0.3321457804495628 1.1882477164360765 3.723687561581901 1.0
223 -2.1598281951011433 1.1836137241601137 2.4903036275716515 1.0
224 -1.6527602019733318 1.1793528387402132 2.77604973101473 1.0
225 0.6481468440577431 1.263588361620634 4.166461207314291 1.0
226 -2.0301375227965033 1.2524200661935694 2.3577836742378846 1.0
227 -0.6847240852180283 1.2590703429962897 3.2235820752749293 1.0
228 -1.1516135589343433 1.2560375829225499 2.9143004469357234 1.0
229 -0.41076620114113443 1.2512071267309117 3.3328932965614477 1.0
230 -1.3460130938078756 1.2603446635762345 2.7491518695912434 1.0
231 -0.8488127890982795 1.2664194819935513 3.1183074814115668 1.0
232 -0.03608616522512841 1.2902860566201229 3.685976997034915 1.0
233 -1.7256715170085763 1.2589308883751686 2.4101166972001455 1.0
234 -1.410838192072445 1.2807739809563714 2.6779314144791386 1.0
235 0.371867148567475 1.2992189327394674 3.835098253062639 1.0
236 -1.5306004602527787 1.2702691269195903 2.5113192669655082 1.0
237 -1.5943755333882572 1.2906448260065544 2.4844131916224996 1.0
238 -1.9129641770730412 1.2776161329548865 2.1998268299245134 1.0
239 -1.1132519313495113 1.3078973545060155 2.7607782792803026 1.0
240 -0.22045163374153595 1.2902952841216904 3.3137761370941567 1.0
241 -1.7862844246278053 1.3068365615399848 2.2936415830619765 1.0
242 -1.526884712511001 1.3387077543621713 2.5164852582459356 1.0
243 -0.925585444398031 1.3223067944315454 2.8691087176835377 1.0
244 -1.5944738121449136 1.328479955917851 2.4270856463728645 1.0
245 -1.543512290444014 1.3321867057245775 2.463472811582162 1.0
246 -1.80083730883148 1.319709319607718 2.2362553301114425 1.0
247 -0.7094245763243043 1.3359501981280477 2.9481287191969954 1.0
248 -1.3802189817524761 1.3499665808098735 2.477090658883331 1.0
249 -0.305996380869568 1.3583663797602012 3.146157746840063 1.0
250 -1.207134696028964 1.3563304893449168 2.5374221405783497 1.0
251 -0.07435048695250632 1.3837991755918646 3.2444774367272458 1.0
252 -2.0585766097218907 1.3756242251028297 1.9549824600700234 1.0
253 -1.6935471019463593 1.3833569630052744 2.200371978006396 1.0
254 -1.4596500931865886 1.3719260885703681 2.305796970823903 1.0
255 -0.4948795699222548 1.432677214109948 2.9350926115272764 1.0
256 -0.5695220767520738 1.4002036192595475 2.7742162162408004 1.0
257 -0.9375846348888116 1.410529293370725 2.54756879719104 1.0
258 -0.9193523403020478 1.4421035171871146 2.6374911420260156 1.0
259 -0.7502199894771062 1.4060561948276886 2.645728991139163 1.0
260 -2.522750400312257 1.3988229622514294 1.5150044842256596 1.0
261 -0.1576165419254053 1.4203774623617407 3.028355297048437 1.0
262 -0.3310702738182471 1.4494480423462057 2.8914797425708683 1.0
263 0.28093274959937786 1.4670771380424552 3.2852705799554944 1.0
264 -0.4218804123990106 1.4643650640371686 2.7390671687384676 1.0
265 0.847897681112483 1.4867281338319251 3.6061948349413164 1.0
266 -0.49972925075636776 1.4546276263660123 2.628170048852211 1.0
267 -0.912143350922776 1.4661663780132868 2.3913685718915807 1.0
268 -1.0394440460921386 1.4702712398509643 2.304757650837839 1.0
269 -1.171610105938953 1.4746875595361766 2.203123757789684 1.0
270 -0.10608146639793495 1.5095592867537262 2.9830994803863895 1.0
271 -0.12692564322658106 1.5001160139524488 2.8355895493466505 1.0
272 0.03320559612643886 1.519800433035788 2.9823782464965123 1.0
